Series	Contract No.	BuySell	Contract	Price	Premium Amount	Brokerage Fee	VAT	WH	Charge Amount   Date
S50U18	SE-00906	S	1	1,038.00	0.00	17.10	1.20	0.00	18.30
S50U18	SE-00907	S	10	1,038.00	0.00	171.00	11.97	0.00	182.97
S50U18	SE-00908	S	1	1,038.00	0.00	17.10	1.20	0.00	18.30
S50U18	SE-00909	S	2	1,038.00	0.00	34.20	2.39	0.00	36.59
S50U18	SE-00910	S	7	1,038.00	0.00	119.70	8.38	0.00	128.08
S50U18	SE-00911	S	29	1,038.00	0.00	495.90	34.71	0.00	530.61
S50U18	BU-00912	B	5	1,039.00	0.00	85.50	5.99	0.00	91.49
S50U18	BU-00913	B	1	1,039.00	0.00	17.10	1.20	0.00	18.30
S50U18	BU-00914	B	1	1,039.00	0.00	17.10	1.20	0.00	18.30
S50U18	BU-00915	B	1	1,039.00	0.00	17.10	1.20	0.00	18.30
S50U18	BU-00916	B	2	1,039.00	0.00	34.20	2.39	0.00	36.59
S50U18	BU-00917	B	1	1,039.00	0.00	17.10	1.20	0.00	18.30
S50U18	BU-00918	B	1	1,039.00	0.00	17.10	1.20	0.00	18.30
S50U18	BU-00919	B	10	1,039.00	0.00	171.00	11.97	0.00	182.97
S50U18	BU-00920	B	1	1,039.00	0.00	17.10	1.20	0.00	18.30
S50U18	BU-00921	B	5	1,039.00	0.00	85.50	5.99	0.00	91.49
S50U18	BU-00922	B	22	1,039.00	0.00	376.20	26.33	0.00	402.53
S50Z18	SH-00933	S	5	1,039.80	0.00	85.50	5.99	0.00	91.49
S50Z18	SH-00934	S	4	1,039.80	0.00	68.40	4.79	0.00	73.19
S50Z18	SH-00935	S	5	1,039.80	0.00	85.50	5.99	0.00	91.49
S50Z18	SH-00936	S	10	1,039.80	0.00	171.00	11.97	0.00	182.97
S50Z18	SH-00937	S	1	1,039.80	0.00	17.10	1.20	0.00	18.30
S50Z18	SH-00938	S	5	1,039.80	0.00	85.50	5.99	0.00	91.49
S50Z18	BH-00939	B	1	1,041.50	0.00	17.10	1.20	0.00	18.30
S50Z18	BH-00940	B	5	1,041.50	0.00	85.50	5.99	0.00	91.49
S50Z18	BH-00941	B	5	1,041.50	0.00	85.50	5.99	0.00	91.49
S50Z18	BH-00942	B	1	1,041.50	0.00	17.10	1.20	0.00	18.30
S50Z18	BH-00943	B	10	1,041.50	0.00	171.00	11.97	0.00	182.97
S50Z18	BH-00944	B	8	1,041.50	0.00	136.80	9.58	0.00	146.38
S50Z18	SH-00945	S	20	1,040.70	0.00	342.00	23.94	0.00	365.94
S50Z18	SH-00946	S	10	1,040.70	0.00	171.00	11.91	0.00	182.91
S50U18P1000	BH-00923	B	1	17.10	-3,420.00	35.10	2.46	0.00	37.56
S50U18P1000	BH-00924	B	5	17.10	-17,100.00	175.50	12.29	0.00	187.79
S50U18P1000	BH-00925	B	20	17.20	-68,800.00	702.00	49.14	0.00	751.14
S50U18P1000	BH-00926	B	4	17.20	-13,760.00	140.40	9.83	0.00	150.23
S50U18P1025	BH-00927	B	1	24.80	-4,960.00	35.10	2.46	0.00	37.56
S50U18P1025	BH-00928	B	8	25.00	-40,000.00	280.80	19.66	0.00	300.46
S50U18P1025	BH-00929	B	4	25.00	-20,000.00	140.40	9.83	0.00	150.23
S50U18P1050	BH-00930	B	2	34.00	-13,600.00	70.20	4.91	0.00	75.11
S50U18P1050	BH-00931	B	1	34.00	-6,800.00	35.10	2.46	0.00	37.56
S50U18P1050	BH-00932	B	2	34.00	-13,600.00	70.20	4.90	0.00	75.10
S50U18	SE-01085	S	30	1,049.00	0.00	513.00	35.91	0.00	548.91
S50U18	BU-01086	B	1	1,048.50	0.00	17.10	1.20	0.00	18.30
S50U18	BU-01087	B	1	1,048.50	0.00	17.10	1.20	0.00	18.30
S50U18	BU-01088	B	1	1,048.50	0.00	17.10	1.20	0.00	18.30
S50U18	BU-01089	B	20	1,048.50	0.00	342.00	23.94	0.00	365.94
S50U18	BU-01090	B	1	1,048.50	0.00	17.10	1.20	0.00	18.30
S50U18	BU-01091	B	6	1,048.50	0.00	102.60	7.18	0.00	109.78
S50U18	SE-01092	S	30	1,049.00	0.00	513.00	35.91	0.00	548.91
S50U18	BU-01093	B	30	1,048.50	0.00	513.00	35.91	0.00	548.91
S50U18	SE-01094	S	4	1,052.50	0.00	68.40	4.79	0.00	73.19
S50U18	SE-01095	S	1	1,052.50	0.00	17.10	1.20	0.00	18.30
S50U18	SE-01096	S	1	1,052.50	0.00	17.10	1.20	0.00	18.30
S50U18	SE-01097	S	1	1,052.50	0.00	17.10	1.20	0.00	18.30
S50U18	SE-01098	S	1	1,052.50	0.00	17.10	1.20	0.00	18.30
S50U18	SE-01099	S	1	1,053.00	0.00	17.10	1.20	0.00	18.30
S50U18	SE-01100	S	1	1,053.00	0.00	17.10	1.20	0.00	18.30
S50U18	SE-01101	S	1	1,053.00	0.00	17.10	1.20	0.00	18.30
S50U18	SE-01102	S	2	1,053.00	0.00	34.20	2.39	0.00	36.59
S50U18	SE-01103	S	1	1,053.00	0.00	17.10	1.20	0.00	18.30
S50U18	SE-01104	S	9	1,053.00	0.00	153.90	10.77	0.00	164.67
S50U18	SE-01105	S	2	1,053.00	0.00	34.20	2.39	0.00	36.59
S50U18	SE-01106	S	3	1,053.00	0.00	51.30	3.59	0.00	54.89
S50U18	BU-01107	B	20	1,053.00	0.00	342.00	23.94	0.00	365.94
S50U18	SE-01108	S	1	1,052.50	0.00	17.10	1.20	0.00	18.30
S50U18	SE-01109	S	19	1,052.50	0.00	324.90	22.74	0.00	347.64
S50U18	BU-01110	B	5	1,052.40	0.00	85.50	5.99	0.00	91.49
S50U18	BU-01111	B	1	1,052.40	0.00	17.10	1.20	0.00	18.30
S50U18	BU-01112	B	1	1,052.40	0.00	17.10	1.20	0.00	18.30
S50U18	BU-01113	B	2	1,052.40	0.00	34.20	2.39	0.00	36.59
S50U18	BU-01114	B	3	1,052.40	0.00	51.30	3.59	0.00	54.89
S50U18	BU-01115	B	1	1,052.50	0.00	17.10	1.20	0.00	18.30
S50U18	BU-01116	B	1	1,052.50	0.00	17.10	1.20	0.00	18.30
S50U18	BU-01117	B	2	1,052.50	0.00	34.20	2.39	0.00	36.59
S50U18	BU-01118	B	1	1,052.50	0.00	17.10	1.20	0.00	18.30
S50U18	BU-01119	B	3	1,052.50	0.00	51.30	3.59	0.00	54.89
S50U18	SE-01120	S	10	1,053.00	0.00	171.00	11.97	0.00	182.97
S50U18	SE-01121	S	10	1,053.00	0.00	171.00	11.97	0.00	182.97
S50U18	BU-01122	B	8	1,056.00	0.00	136.80	9.58	0.00	146.38
S50U18	BU-01123	B	2	1,056.00	0.00	34.20	2.39	0.00	36.59
S50U18	BU-01124	B	1	1,056.00	0.00	17.10	1.20	0.00	18.30
S50U18	BU-01125	B	1	1,056.00	0.00	17.10	1.20	0.00	18.30
S50U18	BU-01126	B	1	1,056.00	0.00	17.10	1.20	0.00	18.30
S50U18	BU-01127	B	1	1,056.00	0.00	17.10	1.20	0.00	18.30
S50U18	BU-01128	B	6	1,056.00	0.00	102.60	7.18	0.00	109.78
S50U18	SE-01129	S	5	1,061.00	0.00	85.50	5.94	0.00	91.44
S50U18	SE-00677	S	11	1,060.20	0.00	188.10	13.17	0.00	201.27
S50U18	SE-00678	S	1	1,060.20	0.00	17.10	1.20	0.00	18.30
S50U18	SE-00679	S	3	1,060.20	0.00	51.30	3.59	0.00	54.89
S50U18	SE-00680	S	5	1,060.20	0.00	85.50	5.99	0.00	91.49
S50U18	BU-00681	B	1	1,063.50	0.00	17.10	1.20	0.00	18.30
S50U18	BU-00682	B	8	1,063.50	0.00	136.80	9.58	0.00	146.38
S50U18	BU-00683	B	2	1,063.50	0.00	34.20	2.39	0.00	36.59
S50U18	BU-00684	B	9	1,063.50	0.00	153.90	10.77	0.00	164.67
S50U18	SE-00685	S	20	1,064.00	0.00	342.00	23.94	0.00	365.94
S50U18	BU-00686	B	1	1,067.00	0.00	17.10	1.20	0.00	18.30
S50U18	BU-00687	B	19	1,067.00	0.00	324.90	22.74	0.00	347.64
S50U18	SE-00688	S	4	1,067.00	0.00	68.40	4.79	0.00	73.19
S50U18	SE-00689	S	1	1,067.00	0.00	17.10	1.20	0.00	18.30
S50U18	SE-00690	S	2	1,067.00	0.00	34.20	2.39	0.00	36.59
S50U18	SE-00691	S	1	1,067.00	0.00	17.10	1.20	0.00	18.30
S50U18	SE-00692	S	1	1,067.00	0.00	17.10	1.20	0.00	18.30
S50U18	SE-00693	S	10	1,067.00	0.00	171.00	11.97	0.00	182.97
S50U18	SE-00694	S	21	1,067.00	0.00	359.10	25.14	0.00	384.24
S50U18	BU-00695	B	18	1,067.00	0.00	307.80	21.55	0.00	329.35
S50U18	BU-00696	B	5	1,067.00	0.00	85.50	5.99	0.00	91.49
S50U18	BU-00697	B	5	1,067.00	0.00	85.50	5.99	0.00	91.49
S50U18	BU-00698	B	10	1,067.00	0.00	171.00	11.97	0.00	182.97
S50U18	BU-00699	B	2	1,067.00	0.00	34.20	2.36	0.00	36.56
S50U18	BU-00890	B	5	1,043.00	0.00	85.50	5.99	0.00	91.49
S50Z18	BH-00891	B	1	1,043.00	0.00	17.10	1.20	0.00	18.30
S50Z18	BH-00892	B	6	1,043.00	0.00	102.60	7.18	0.00	109.78
S50Z18	BH-00893	B	10	1,043.00	0.00	171.00	11.97	0.00	182.97
S50Z18	BH-00894	B	1	1,043.00	0.00	17.10	1.20	0.00	18.30
S50Z18	BH-00895	B	5	1,043.00	0.00	85.50	5.99	0.00	91.49
S50Z18	BH-00896	B	1	1,043.00	0.00	17.10	1.20	0.00	18.30
S50Z18	BH-00897	B	1	1,043.00	0.00	17.10	1.20	0.00	18.30
S50Z18	BH-00898	B	2	1,043.00	0.00	34.20	2.39	0.00	36.59
S50Z18	BH-00899	B	1	1,043.00	0.00	17.10	1.20	0.00	18.30
S50Z18	BH-00900	B	2	1,043.00	0.00	34.20	2.38	0.00	36.58
S50U18	BU-00496	B	5	1,062.00	0.00	85.50	5.99	0.00	91.49
S50U18	BU-00497	B	5	1,061.70	0.00	85.50	5.98	0.00	91.48
S50U18P1000	SH-00498	S	8	9.70	15,520.00	280.80	19.66	0.00	300.46
S50U18P1000	SH-00499	S	30	9.60	57,600.00	1,053.00	73.71	0.00	1,126.71
S50U18P1000	SH-00500	S	10	10.00	20,000.00	351.00	24.57	0.00	375.57
S50U18P1025	SH-00501	S	1	15.80	3,160.00	35.10	2.46	0.00	37.56
S50U18P1025	SH-00502	S	2	15.80	6,320.00	70.20	4.91	0.00	75.11
S50U18P1025	SH-00503	S	2	16.00	6,400.00	70.20	4.91	0.00	75.11
S50U18	SE-00564	S	1	1,073.50	0.00	17.10	1.20	0.00	18.30
S50U18	SE-00318	S	5	1,072.50	0.00	85.50	5.99	0.00	91.49
S50U18P1100	SH-00319	S	5	43.50	43,500.00	175.50	12.29	0.00	187.79
S50U18	SE-00521	S	3	1,064.20	0.00	51.30	3.59	0.00	54.89
S50U18	SE-00522	S	1	1,064.20	0.00	17.10	1.20	0.00	18.30
S50U18	SE-00523	S	11	1,064.20	0.00	188.10	13.17	0.00	201.27
S50U18	SE-00524	S	1	1,064.20	0.00	17.10	1.20	0.00	18.30
S50U18	SE-00525	S	1	1,064.20	0.00	17.10	1.20	0.00	18.30
S50U18	SE-00526	S	30	1,063.50	0.00	513.00	35.91	0.00	548.91
S50Z18	BU-00533	B	5	1,072.00	0.00	85.50	5.99	0.00	91.49
S50Z18	SE-00534	S	5	1,066.70	0.00	85.50	5.97	0.00	91.47
S50U18P1000	BH-00527	B	18	7.90	-28,440.00	631.80	44.23	0.00	676.03
S50U18P1050	SH-00528	S	13	20.70	53,820.00	456.30	31.94	0.00	488.24
S50U18P1050	SH-00529	S	2	20.70	8,280.00	70.20	4.91	0.00	75.11
S50U18P1050	BH-00530	B	1	22.40	-4,480.00	35.10	2.46	0.00	37.56
S50U18P1050	BH-00531	B	1	22.50	-4,500.00	35.10	2.46	0.00	37.56
S50U18P1050	BH-00532	B	13	22.50	-58,500.00	456.30	31.94	0.00	488.24
S50U18	SH-00625	S	20	1,062.00	0.00	342.00	23.94	0.00	365.94
S50U18	BH-00626	B	6	1,060.00	0.00	102.60	7.18	0.00	109.78
S50U18	BU-00627	B	4	1,059.90	0.00	68.40	4.79	0.00	73.19
S50U18	BU-00628	B	5	1,061.30	0.00	85.50	5.99	0.00	91.49
S50U18	BU-00629	B	5	1,061.30	0.00	85.50	5.99	0.00	91.49
S50U18	BU-00630	B	6	1,058.90	0.00	102.60	7.18	0.00	109.78
S50U18	BU-00631	B	10	1,058.90	0.00	171.00	11.97	0.00	182.97
S50U18	BU-00632	B	1	1,058.90	0.00	17.10	1.20	0.00	18.30
S50U18	BU-00633	B	1	1,058.90	0.00	17.10	1.20	0.00	18.30
S50U18	BU-00634	B	2	1,058.90	0.00	34.20	2.38	0.00	36.58
S50U18P1050	SH-00635	S	5	22.80	22,800.00	175.50	12.29	0.00	187.79
S50U18P1175	SE-00636	S	2	111.30	44,520.00	70.20	4.91	0.00	75.11
S50U18	BU-00511	B	17	1,067.00	0.00	290.70	20.35	0.00	311.05
S50U18	BU-00512	B	1	1,067.00	0.00	17.10	1.20	0.00	18.30
S50U18	BU-00513	B	2	1,067.00	0.00	34.20	2.39	0.00	36.59
S50U18	BU-00514	B	30	1,067.00	0.00	513.00	35.91	0.00	548.91
S50U18	SE-00515	S	20	1,066.70	0.00	342.00	23.94	0.00	365.94
S50U18	SE-00516	S	1	1,066.70	0.00	17.10	1.20	0.00	18.30
S50U18	SE-00517	S	1	1,066.70	0.00	17.10	1.20	0.00	18.30
S50U18	SE-00518	S	5	1,066.70	0.00	85.50	5.99	0.00	91.49
S50U18	SE-00519	S	16	1,066.70	0.00	273.60	19.15	0.00	292.75
S50U18	SE-00520	S	3	1,066.70	0.00	51.30	3.59	0.00	54.89
S50U18	SE-00521	S	1	1,066.70	0.00	17.10	1.20	0.00	18.30
S50U18	SE-00522	S	1	1,066.70	0.00	17.10	1.20	0.00	18.30
S50U18	SE-00523	S	2	1,066.70	0.00	34.20	2.38	0.00	36.58
S50U18C1075	BH-00524	B	5	23.80	-23,800.00	175.50	12.29	0.00	187.79
S50U18C1075	BH-00525	B	2	23.80	-9,520.00	70.20	4.91	0.00	75.11
S50U18C1100	BU-00526	B	8	13.10	-20,960.00	280.80	19.66	0.00	300.46
S50U18C1100	BU-00527	B	5	13.10	-13,100.00	175.50	12.29	0.00	187.79
S50U18C1125	BU-00528	B	20	7.40	-29,600.00	702.00	49.14	0.00	751.14
S50U18C1125	BU-00529	B	10	7.40	-14,800.00	351.00	24.57	0.00	375.57
S50U18P1025	SH-00530	S	3	11.80	7,080.00	105.30	7.37	0.00	112.67
S50U18P1025	SH-00531	S	10	12.00	24,000.00	351.00	24.57	0.00	375.57
S50U18P1025	SH-00532	S	5	12.50	12,500.00	175.50	12.29	0.00	187.79
S50U18P1075	SE-00533	S	7	30.10	42,140.00	245.70	17.19	0.00	262.89
S50U18	SE-00689	S	3	1,072.70	0.00	51.30	3.59	0.00	54.89
S50U18	SE-00690	S	2	1,072.70	0.00	34.20	2.39	0.00	36.59
S50U18	SE-00691	S	5	1,073.00	0.00	85.50	5.99	0.00	91.49
S50U18	SE-00692	S	1	1,073.00	0.00	17.10	1.20	0.00	18.30
S50U18	SE-00693	S	1	1,073.00	0.00	17.10	1.20	0.00	18.30
S50U18	SE-00694	S	6	1,073.00	0.00	102.60	7.18	0.00	109.78
S50U18	SE-00695	S	10	1,073.00	0.00	171.00	11.97	0.00	182.97
S50U18	SE-00696	S	2	1,073.00	0.00	34.20	2.39	0.00	36.59
S50U18	SH-00697	S	10	1,073.50	0.00	171.00	11.97	0.00	182.97
S50U18	SH-00698	S	1	1,073.50	0.00	17.10	1.20	0.00	18.30
S50U18	SH-00699	S	5	1,073.50	0.00	85.50	5.99	0.00	91.49
S50U18	SH-00700	S	4	1,073.50	0.00	68.40	4.79	0.00	73.19
S50U18	BU-00701	B	2	1,073.90	0.00	34.20	2.39	0.00	36.59
S50U18	BU-00702	B	10	1,073.90	0.00	171.00	11.97	0.00	182.97
S50U18	BU-00703	B	1	1,073.90	0.00	17.10	1.20	0.00	18.30
S50U18	BU-00704	B	1	1,073.90	0.00	17.10	1.20	0.00	18.30
S50U18	BU-00705	B	1	1,073.90	0.00	17.10	1.20	0.00	18.30
S50U18	BU-00706	B	5	1,073.90	0.00	85.50	5.99	0.00	91.49
S50U18	SH-00707	S	9	1,076.00	0.00	153.90	10.77	0.00	164.67
S50U18	SH-00708	S	1	1,076.00	0.00	17.10	1.20	0.00	18.30
S50U18	SH-00709	S	1	1,076.00	0.00	17.10	1.20	0.00	18.30
S50U18	SH-00710	S	5	1,076.00	0.00	85.50	5.99	0.00	91.49
S50U18	SH-00711	S	3	1,076.00	0.00	51.30	3.59	0.00	54.89
S50U18	SH-00712	S	1	1,076.00	0.00	17.10	1.20	0.00	18.30
S50U18	BU-00713	B	1	1,076.50	0.00	17.10	1.20	0.00	18.30
S50U18	BU-00714	B	1	1,076.50	0.00	17.10	1.20	0.00	18.30
S50U18	BU-00715	B	5	1,076.50	0.00	85.50	5.99	0.00	91.49
S50U18	BU-00716	B	1	1,076.50	0.00	17.10	1.20	0.00	18.30
S50U18	BU-00717	B	3	1,076.50	0.00	51.30	3.59	0.00	54.89
S50U18	BU-00718	B	1	1,076.50	0.00	17.10	1.20	0.00	18.30
S50U18	BU-00719	B	1	1,076.50	0.00	17.10	1.20	0.00	18.30
S50U18	BU-00720	B	1	1,076.50	0.00	17.10	1.20	0.00	18.30
S50U18	BU-00721	B	6	1,076.50	0.00	102.60	7.18	0.00	109.78
S50U18	SH-00722	S	5	1,077.00	0.00	85.50	5.99	0.00	91.49
S50U18	SH-00723	S	12	1,076.80	0.00	205.20	14.36	0.00	219.56
S50U18	SH-00724	S	1	1,076.80	0.00	17.10	1.20	0.00	18.30
S50U18	SH-00725	S	2	1,076.80	0.00	34.20	2.39	0.00	36.59
S50U18	BH-00726	B	15	1,077.20	0.00	256.50	17.96	0.00	274.46
S50U18	SH-00727	S	2	1,077.50	0.00	34.20	2.39	0.00	36.59
S50U18	SH-00728	S	13	1,077.50	0.00	222.30	15.56	0.00	237.86
S50U18	BU-00729	B	1	1,078.00	0.00	17.10	1.20	0.00	18.30
S50U18	BU-00730	B	5	1,078.00	0.00	85.50	5.99	0.00	91.49
S50U18	BU-00731	B	2	1,078.00	0.00	34.20	2.39	0.00	36.59
S50U18	BU-00732	B	1	1,078.00	0.00	17.10	1.20	0.00	18.30
S50U18	BU-00733	B	1	1,078.00	0.00	17.10	1.20	0.00	18.30
S50U18	BU-00734	B	1	1,078.00	0.00	17.10	1.20	0.00	18.30
S50U18	BU-00735	B	4	1,078.00	0.00	68.40	4.73	0.00	73.13
S50U18C1125	SE-00736	S	1	7.60	1,520.00	35.10	2.46	0.00	37.56
S50U18C1125	SE-00737	S	1	7.60	1,520.00	35.10	2.46	0.00	37.56
S50U18C1125	SE-00738	S	10	7.50	15,000.00	351.00	24.57	0.00	375.57
S50U18C1125	SE-00739	S	8	7.50	12,000.00	280.80	19.66	0.00	300.46
S50U18C1125	SE-00740	S	5	8.50	8,500.00	175.50	12.28	0.00	187.78
S50U18	SH-00719	S	12	1,081.00	0.00	205.20	14.36	0.00	219.56
S50U18	SH-00720	S	8	1,081.00	0.00	136.80	9.58	0.00	146.38
S50U18	BH-00721	B	10	1,082.00	0.00	171.00	11.97	0.00	182.97
S50U18	BH-00722	B	1	1,082.00	0.00	17.10	1.20	0.00	18.30
S50U18	BH-00723	B	1	1,082.00	0.00	17.10	1.20	0.00	18.30
S50U18	BH-00724	B	5	1,082.00	0.00	85.50	5.99	0.00	91.49
S50U18	BH-00725	B	1	1,082.00	0.00	17.10	1.20	0.00	18.30
S50U18	BH-00726	B	1	1,082.00	0.00	17.10	1.20	0.00	18.30
S50U18	BH-00727	B	1	1,082.00	0.00	17.10	1.20	0.00	18.30
S50U18	SH-00728	S	20	1,085.00	0.00	342.00	23.94	0.00	365.94
S50U18	BH-00729	B	2	1,086.70	0.00	34.20	2.39	0.00	36.59
S50U18	BH-00730	B	6	1,086.70	0.00	102.60	7.18	0.00	109.78
S50U18	BH-00731	B	2	1,086.70	0.00	34.20	2.39	0.00	36.59
S50U18	BH-00732	B	5	1,086.70	0.00	85.50	5.99	0.00	91.49
S50U18	BH-00733	B	5	1,086.70	0.00	85.50	5.99	0.00	91.49
S50U18	SH-00734	S	1	1,088.50	0.00	17.10	1.20	0.00	18.30
S50U18	SH-00735	S	5	1,088.50	0.00	85.50	5.99	0.00	91.49
S50U18	SH-00736	S	14	1,088.50	0.00	239.40	16.76	0.00	256.16
S50U18	BH-00737	B	4	1,088.10	0.00	68.40	4.79	0.00	73.19
S50U18	BH-00738	B	1	1,088.10	0.00	17.10	1.20	0.00	18.30
S50U18	BH-00739	B	10	1,088.10	0.00	171.00	11.97	0.00	182.97
S50U18	BH-00740	B	1	1,088.10	0.00	17.10	1.16	0.00	18.26
S50U18C1100	SE-00741	S	5	22.50	22,500.00	175.50	12.29	0.00	187.79
S50U18C1125	SE-00742	S	5	10.10	10,100.00	175.50	12.29	0.00	187.79
S50U18P1050	SH-00743	S	3	11.80	7,080.00	105.30	7.37	0.00	112.67
S50U18P1050	SH-00744	S	1	11.80	2,360.00	35.10	2.46	0.00	37.56
S50U18P1050	SH-00745	S	1	11.80	2,360.00	35.10	2.46	0.00	37.56
S50U18P1050	SH-00746	S	3	11.80	7,080.00	105.30	7.37	0.00	112.67
S50U18P1050	SH-00747	S	12	11.80	28,320.00	421.20	29.47	0.00	450.67
S50U18	SH-00513	S	49	1,095.50	0.00	837.90	58.65	0.00	896.55
S50U18	SH-00514	S	1	1,095.50	0.00	17.10	1.20	0.00	18.30
S50U18	BH-00515	B	4	1,094.90	0.00	68.40	4.79	0.00	73.19
S50U18	BH-00516	B	1	1,094.90	0.00	17.10	1.20	0.00	18.30
S50U18	BH-00517	B	3	1,094.90	0.00	51.30	3.59	0.00	54.89
S50U18	BH-00518	B	2	1,094.90	0.00	34.20	2.39	0.00	36.59
S50U18	BH-00519	B	3	1,094.90	0.00	51.30	3.59	0.00	54.89
S50U18	BH-00520	B	5	1,094.90	0.00	85.50	5.99	0.00	91.49
S50U18	BH-00521	B	12	1,094.90	0.00	205.20	14.36	0.00	219.56
S50U18	BH-00522	B	4	1,095.90	0.00	68.40	4.79	0.00	73.19
S50U18	BH-00523	B	16	1,095.90	0.00	273.60	19.15	0.00	292.75
S50U18	SH-00524	S	5	1,096.90	0.00	85.50	5.99	0.00	91.49
S50U18	SH-00525	S	12	1,105.50	0.00	205.20	14.36	0.00	219.56
S50U18	SH-00526	S	3	1,105.50	0.00	51.30	3.59	0.00	54.89
S50U18C1100	SE-00527	S	8	25.00	40,000.00	280.80	19.66	0.00	300.46
S50U18C1125	SH-00528	S	1	14.50	2,900.00	35.10	2.46	0.00	37.56
S50U18P1100	BH-00529	B	1	28.00	-5,600.00	35.10	2.46	0.00	37.56
S50U18P1100	BH-00530	B	4	28.00	-22,400.00	140.40	9.83	0.00	150.23
S50U18P1100	BH-00531	B	1	27.00	-5,400.00	35.10	2.46	0.00	37.56
S50U18P1100	BH-00532	B	2	27.00	-10,800.00	70.20	4.91	0.00	75.11
S50U18P1100	BH-00533	B	1	24.20	-4,840.00	35.10	2.46	0.00	37.56
S50U18P1100	BH-00534	B	1	24.50	-4,900.00	35.10	2.46	0.00	37.56
S50U18P1125	BH-00535	B	3	44.00	-26,400.00	105.30	7.37	0.00	112.67
S50U18P1125	BH-00536	B	1	43.00	-8,600.00	35.10	2.46	0.00	37.56
S50U18P1125	BH-00537	B	1	43.00	-8,600.00	35.10	2.44	0.00	37.54
S50U18	BH-00610	B	1	1,104.00	0.00	17.10	1.20	0.00	18.30
S50U18	BH-00611	B	1	1,104.00	0.00	17.10	1.20	0.00	18.30
S50U18	BH-00612	B	1	1,104.00	0.00	17.10	1.20	0.00	18.30
S50U18	BH-00613	B	10	1,104.00	0.00	171.00	11.97	0.00	182.97
S50U18	BH-00614	B	5	1,104.00	0.00	85.50	5.99	0.00	91.49
S50U18	BH-00615	B	5	1,104.00	0.00	85.50	5.99	0.00	91.49
S50U18	BH-00616	B	2	1,104.00	0.00	34.20	2.39	0.00	36.59
S50U18	SH-00617	S	25	1,107.00	0.00	427.50	29.93	0.00	457.43
S50U18	BH-00618	B	3	1,093.80	0.00	51.30	3.59	0.00	54.89
S50U18	BH-00619	B	2	1,093.80	0.00	34.20	2.39	0.00	36.59
S50U18	BH-00620	B	1	1,093.80	0.00	17.10	1.20	0.00	18.30
S50U18	BH-00621	B	1	1,093.80	0.00	17.10	1.20	0.00	18.30
S50U18	BH-00622	B	3	1,093.80	0.00	51.30	3.57	0.00	54.87
S50U18	SH-00896	S	10	1,103.00	0.00	171.00	11.97	0.00	182.97
S50U18	BH-00897	B	1	1,104.60	0.00	17.10	1.20	0.00	18.30
S50U18	BH-00898	B	1	1,104.60	0.00	17.10	1.20	0.00	18.30
S50U18	BH-00899	B	1	1,104.70	0.00	17.10	1.20	0.00	18.30
S50U18	BH-00900	B	5	1,104.70	0.00	85.50	5.99	0.00	91.49
S50U18	BH-00901	B	2	1,104.70	0.00	34.20	2.39	0.00	36.59
S50U18	BH-00902	B	2	1,104.70	0.00	34.20	2.39	0.00	36.59
S50U18	BH-00903	B	2	1,104.70	0.00	34.20	2.39	0.00	36.59
S50U18	BH-00904	B	1	1,104.70	0.00	17.10	1.20	0.00	18.30
S50U18	BH-00905	B	5	1,104.70	0.00	85.50	5.99	0.00	91.49
S50U18	BH-00906	B	1	1,104.70	0.00	17.10	1.20	0.00	18.30
S50U18	BH-00907	B	1	1,104.70	0.00	17.10	1.20	0.00	18.30
S50U18	BH-00908	B	3	1,104.70	0.00	51.30	3.59	0.00	54.89
S50U18	SH-00909	S	11	1,106.60	0.00	188.10	13.17	0.00	201.27
S50U18	SH-00910	S	4	1,106.60	0.00	68.40	4.79	0.00	73.19
S50U18	SH-00911	S	7	1,106.50	0.00	119.70	8.38	0.00	128.08
S50U18	SH-00912	S	1	1,106.50	0.00	17.10	1.20	0.00	18.30
S50U18	SH-00913	S	2	1,106.50	0.00	34.20	2.39	0.00	36.59
S50U18	BH-00914	B	25	1,106.80	0.00	427.50	29.93	0.00	457.43
S50U18	SH-00915	S	2	1,108.10	0.00	34.20	2.39	0.00	36.59
S50U18	SH-00916	S	2	1,108.10	0.00	34.20	2.39	0.00	36.59
S50U18	SH-00917	S	2	1,108.10	0.00	34.20	2.39	0.00	36.59
S50U18	SH-00918	S	2	1,108.10	0.00	34.20	2.39	0.00	36.59
S50U18	SH-00919	S	2	1,108.10	0.00	34.20	2.39	0.00	36.59
S50U18	SH-00920	S	2	1,108.10	0.00	34.20	2.39	0.00	36.59
S50U18	SH-00921	S	2	1,108.10	0.00	34.20	2.39	0.00	36.59
S50U18	SH-00922	S	1	1,108.10	0.00	17.10	1.20	0.00	18.30
S50U18	SH-00923	S	2	1,108.10	0.00	34.20	2.39	0.00	36.59
S50U18	SH-00924	S	2	1,108.10	0.00	34.20	2.39	0.00	36.59
S50U18	SH-00925	S	2	1,108.10	0.00	34.20	2.39	0.00	36.59
S50U18	SH-00926	S	1	1,108.10	0.00	17.10	1.20	0.00	18.30
S50U18	SH-00927	S	2	1,108.10	0.00	34.20	2.39	0.00	36.59
S50U18	SH-00928	S	1	1,108.10	0.00	17.10	1.20	0.00	18.30
S50U18	BH-00929	B	4	1,109.40	0.00	68.40	4.79	0.00	73.19
S50U18	BH-00930	B	5	1,109.40	0.00	85.50	5.99	0.00	91.49
S50U18	BH-00931	B	3	1,109.40	0.00	51.30	3.59	0.00	54.89
S50U18	BH-00932	B	1	1,109.40	0.00	17.10	1.20	0.00	18.30
S50U18	BH-00933	B	2	1,109.40	0.00	34.20	2.39	0.00	36.59
S50U18	BH-00934	B	1	1,109.40	0.00	17.10	1.20	0.00	18.30
S50U18	BH-00935	B	1	1,109.40	0.00	17.10	1.20	0.00	18.30
S50U18	BH-00936	B	5	1,109.40	0.00	85.50	5.99	0.00	91.49
S50U18	BH-00937	B	1	1,109.40	0.00	17.10	1.20	0.00	18.30
S50U18	BH-00938	B	2	1,109.40	0.00	34.20	2.39	0.00	36.59
S50U18	SH-00939	S	8	1,110.10	0.00	136.80	9.58	0.00	146.38
S50U18	SH-00940	S	10	1,110.10	0.00	171.00	11.97	0.00	182.97
S50U18	SH-00941	S	1	1,110.10	0.00	17.10	1.20	0.00	18.30
S50U18	SH-00942	S	2	1,110.10	0.00	34.20	2.39	0.00	36.59
S50U18	SH-00943	S	1	1,110.10	0.00	17.10	1.20	0.00	18.30
S50U18	SH-00944	S	3	1,110.10	0.00	51.30	3.59	0.00	54.89
S50U18	BH-00945	B	25	1,109.80	0.00	427.50	29.93	0.00	457.43
S50U18	BU-00946	B	30	1,110.00	0.00	513.00	35.91	0.00	548.91
S50U18	SH-00947	S	15	1,112.00	0.00	256.50	17.96	0.00	274.46
S50U18	SH-00948	S	7	1,112.00	0.00	119.70	8.38	0.00	128.08
S50U18	SH-00949	S	1	1,112.00	0.00	17.10	1.20	0.00	18.30
S50U18	SH-00950	S	2	1,112.00	0.00	34.20	2.39	0.00	36.59
S50U18	SH-00951	S	2	1,112.00	0.00	34.20	2.39	0.00	36.59
S50U18	SH-00952	S	2	1,112.00	0.00	34.20	2.39	0.00	36.59
S50U18	SH-00953	S	1	1,112.00	0.00	17.10	1.20	0.00	18.30
S50U18	SE-00954	S	5	1,114.00	0.00	85.50	5.99	0.00	91.49
S50U18	SH-00955	S	3	1,111.00	0.00	51.30	3.59	0.00	54.89
S50U18	SH-00956	S	2	1,111.00	0.00	34.20	2.39	0.00	36.59
S50U18	SH-00957	S	5	1,112.50	0.00	85.50	5.99	0.00	91.49
S50U18	BH-00958	B	5	1,111.00	0.00	85.50	5.99	0.00	91.49
S50U18	BH-00959	B	5	1,111.00	0.00	85.50	5.99	0.00	91.49
S50U18	SH-00960	S	1	1,115.00	0.00	17.10	1.20	0.00	18.30
S50U18	SH-00961	S	3	1,115.00	0.00	51.30	3.59	0.00	54.89
S50U18	SH-00962	S	1	1,115.00	0.00	17.10	1.17	0.00	18.27
S50U18C1100	SH-00963	S	3	30.00	18,000.00	105.30	7.37	0.00	112.67
S50U18C1100	SH-00964	S	1	30.00	6,000.00	35.10	2.46	0.00	37.56
S50U18C1100	SH-00965	S	1	30.00	6,000.00	35.10	2.46	0.00	37.56
S50U18C1100	SH-00966	S	5	31.50	31,500.00	175.50	12.29	0.00	187.79
S50U18C1125	SH-00967	S	2	16.40	6,560.00	70.20	4.90	0.00	75.10
S50U18	SH-00670	S	20	1,117.50	0.00	342.00	23.94	0.00	365.94
S50U18	BH-00671	B	4	1,115.90	0.00	68.40	4.79	0.00	73.19
S50U18	BH-00672	B	4	1,115.90	0.00	68.40	4.79	0.00	73.19
S50U18	BH-00673	B	22	1,116.00	0.00	376.20	26.33	0.00	402.53
S50U18	SH-00674	S	30	1,117.00	0.00	513.00	35.91	0.00	548.91
S50U18	BH-00675	B	2	1,116.40	0.00	34.20	2.39	0.00	36.59
S50U18	BH-00676	B	1	1,116.40	0.00	17.10	1.20	0.00	18.30
S50U18	BH-00677	B	1	1,116.50	0.00	17.10	1.20	0.00	18.30
S50U18	BH-00678	B	1	1,116.50	0.00	17.10	1.20	0.00	18.30
S50U18	BH-00679	B	1	1,116.50	0.00	17.10	1.20	0.00	18.30
S50U18	BH-00680	B	10	1,116.50	0.00	171.00	11.97	0.00	182.97
S50U18	BH-00681	B	10	1,116.50	0.00	171.00	11.97	0.00	182.97
S50U18	BH-00682	B	4	1,116.50	0.00	68.40	4.79	0.00	73.19
S50U18	SH-00683	S	19	1,117.20	0.00	324.90	22.74	0.00	347.64
S50U18	SH-00684	S	11	1,117.20	0.00	188.10	13.17	0.00	201.27
S50U18	BH-00685	B	1	1,117.40	0.00	17.10	1.20	0.00	18.30
S50U18	BH-00686	B	10	1,117.60	0.00	171.00	11.97	0.00	182.97
S50U18	BH-00687	B	3	1,117.70	0.00	51.30	3.59	0.00	54.89
S50U18	BH-00688	B	1	1,117.70	0.00	17.10	1.20	0.00	18.30
S50U18	BH-00689	B	5	1,117.70	0.00	85.50	5.99	0.00	91.49
S50U18	BH-00690	B	10	1,117.70	0.00	171.00	11.97	0.00	182.97
S50U18	SH-00691	S	5	1,120.00	0.00	85.50	5.99	0.00	91.49
S50U18	SH-00692	S	1	1,120.80	0.00	17.10	1.20	0.00	18.30
S50U18	SH-00693	S	4	1,120.70	0.00	68.40	4.76	0.00	73.16
S50U18	SH-00416	S	5	1,120.70	0.00	85.50	5.99	0.00	91.49
S50U18	SH-00417	S	2	1,120.70	0.00	34.20	2.39	0.00	36.59
S50U18	SH-00418	S	5	1,120.70	0.00	85.50	5.99	0.00	91.49
S50U18	SH-00419	S	1	1,120.70	0.00	17.10	1.20	0.00	18.30
S50U18	SH-00420	S	4	1,120.70	0.00	68.40	4.79	0.00	73.19
S50U18	SH-00421	S	1	1,120.70	0.00	17.10	1.20	0.00	18.30
S50U18	SH-00422	S	2	1,120.70	0.00	34.20	2.39	0.00	36.59
S50U18	BH-00423	B	19	1,122.20	0.00	324.90	22.74	0.00	347.64
S50U18	BH-00424	B	1	1,122.20	0.00	17.10	1.19	0.00	18.29
S50U18	SH-00552	S	20	1,123.10	0.00	342.00	23.94	0.00	365.94
S50U18	BU-00553	B	14	1,124.50	0.00	239.40	16.76	0.00	256.16
S50U18	BU-00554	B	6	1,124.50	0.00	102.60	7.18	0.00	109.78
S50U18	SH-00555	S	20	1,125.20	0.00	342.00	23.94	0.00	365.94
S50U18	BH-00556	B	2	1,124.90	0.00	34.20	2.39	0.00	36.59
S50U18	BH-00557	B	18	1,124.90	0.00	307.80	21.55	0.00	329.35
S50U18	SH-00558	S	6	1,125.00	0.00	102.60	7.18	0.00	109.78
S50U18	SH-00559	S	1	1,125.00	0.00	17.10	1.20	0.00	18.30
S50U18	SH-00560	S	2	1,125.00	0.00	34.20	2.39	0.00	36.59
S50U18	SH-00561	S	10	1,125.00	0.00	171.00	11.97	0.00	182.97
S50U18	SH-00562	S	1	1,125.00	0.00	17.10	1.20	0.00	18.30
S50U18	BH-00563	B	3	1,128.70	0.00	51.30	3.59	0.00	54.89
S50U18	BH-00564	B	6	1,128.80	0.00	102.60	7.18	0.00	109.78
S50U18	BH-00565	B	15	1,128.80	0.00	256.50	17.96	0.00	274.46
S50U18	BH-00566	B	6	1,128.80	0.00	102.60	7.18	0.00	109.78
S50U18	SH-00567	S	9	1,129.20	0.00	153.90	10.77	0.00	164.67
S50U18	SH-00568	S	1	1,129.20	0.00	17.10	1.20	0.00	18.30
S50U18	SH-00569	S	1	1,129.20	0.00	17.10	1.20	0.00	18.30
S50U18	SH-00570	S	1	1,129.20	0.00	17.10	1.20	0.00	18.30
S50U18	BH-00571	B	4	1,129.00	0.00	68.40	4.79	0.00	73.19
S50U18	BH-00572	B	2	1,129.00	0.00	34.20	2.39	0.00	36.59
S50U18	BH-00573	B	1	1,129.00	0.00	17.10	1.20	0.00	18.30
S50U18	BH-00574	B	5	1,129.00	0.00	85.50	5.99	0.00	91.49
S50U18	BU-00575	B	1	1,129.00	0.00	17.10	1.20	0.00	18.30
S50U18	BU-00576	B	7	1,129.00	0.00	119.70	8.38	0.00	128.08
S50U18	BU-00577	B	2	1,129.00	0.00	34.20	2.39	0.00	36.59
S50U18	BU-00578	B	10	1,129.00	0.00	171.00	11.97	0.00	182.97
S50U18	SH-00579	S	18	1,130.00	0.00	307.80	21.55	0.00	329.35
S50U18	SH-00580	S	1	1,130.00	0.00	17.10	1.20	0.00	18.30
S50U18	SH-00581	S	11	1,130.00	0.00	188.10	13.17	0.00	201.27
S50U18	SH-00582	S	1	1,130.00	0.00	17.10	1.20	0.00	18.30
S50U18	SH-00583	S	7	1,130.00	0.00	119.70	8.38	0.00	128.08
S50U18	SH-00584	S	1	1,130.00	0.00	17.10	1.20	0.00	18.30
S50U18	SH-00585	S	1	1,130.00	0.00	17.10	1.20	0.00	18.30
S50U18	SH-00586	S	1	1,130.00	0.00	17.10	1.20	0.00	18.30
S50U18	SH-00587	S	1	1,130.00	0.00	17.10	1.20	0.00	18.30
S50U18	SH-00588	S	1	1,130.00	0.00	17.10	1.20	0.00	18.30
S50U18	SH-00589	S	1	1,130.00	0.00	17.10	1.20	0.00	18.30
S50U18	SH-00590	S	1	1,130.00	0.00	17.10	1.20	0.00	18.30
S50U18	SH-00591	S	1	1,130.00	0.00	17.10	1.20	0.00	18.30
S50U18	SH-00592	S	1	1,130.00	0.00	17.10	1.20	0.00	18.30
S50U18	SH-00593	S	1	1,130.00	0.00	17.10	1.20	0.00	18.30
S50U18	SH-00594	S	1	1,130.00	0.00	17.10	1.20	0.00	18.30
S50U18	SH-00595	S	1	1,130.00	0.00	17.10	1.20	0.00	18.30
S50U18	BU-00596	B	49	1,130.60	0.00	837.90	58.65	0.00	896.55
S50U18	BU-00597	B	1	1,130.60	0.00	17.10	1.20	0.00	18.30
S50U18	SE-00598	S	1	1,130.20	0.00	17.10	1.20	0.00	18.30
S50U18	SE-00599	S	10	1,130.20	0.00	171.00	11.97	0.00	182.97
S50U18	SE-00600	S	1	1,130.20	0.00	17.10	1.20	0.00	18.30
S50U18	SE-00601	S	8	1,130.20	0.00	136.80	9.58	0.00	146.38
S50U18	BU-00602	B	6	1,130.70	0.00	102.60	7.18	0.00	109.78
S50U18	BU-00603	B	2	1,130.70	0.00	34.20	2.39	0.00	36.59
S50U18	SH-00604	S	9	1,130.00	0.00	153.90	10.77	0.00	164.67
S50U18	SH-00605	S	3	1,130.00	0.00	51.30	3.59	0.00	54.89
S50U18	SH-00606	S	16	1,130.00	0.00	273.60	19.15	0.00	292.75
S50U18	SH-00607	S	14	1,130.00	0.00	239.40	16.76	0.00	256.16
S50U18	SH-00608	S	16	1,130.00	0.00	273.60	19.15	0.00	292.75
S50U18	BH-00609	B	12	1,132.80	0.00	205.20	14.36	0.00	219.56
S50U18	BH-00610	B	4	1,132.90	0.00	68.40	4.79	0.00	73.19
S50U18	BH-00611	B	2	1,132.90	0.00	34.20	2.39	0.00	36.59
S50U18	BH-00612	B	7	1,132.90	0.00	119.70	8.38	0.00	128.08
S50U18	BH-00613	B	4	1,132.90	0.00	68.40	4.79	0.00	73.19
S50U18	BH-00614	B	10	1,132.90	0.00	171.00	11.97	0.00	182.97
S50U18	BH-00615	B	1	1,132.90	0.00	17.10	1.20	0.00	18.30
S50U18	BH-00616	B	1	1,132.90	0.00	17.10	1.20	0.00	18.30
S50U18	BH-00617	B	7	1,133.00	0.00	119.70	8.38	0.00	128.08
S50U18	BH-00618	B	2	1,133.00	0.00	34.20	2.39	0.00	36.59
S50U18	SH-00619	S	1	1,132.00	0.00	17.10	1.20	0.00	18.30
S50U18	SH-00620	S	1	1,132.00	0.00	17.10	1.20	0.00	18.30
S50U18	SH-00621	S	10	1,132.00	0.00	171.00	11.97	0.00	182.97
S50U18	SH-00622	S	38	1,132.00	0.00	649.80	45.49	0.00	695.29
S50U18	BH-00623	B	9	1,131.90	0.00	153.90	10.77	0.00	164.67
S50U18	BH-00624	B	20	1,131.90	0.00	342.00	23.94	0.00	365.94
S50U18	BH-00625	B	20	1,131.90	0.00	342.00	23.94	0.00	365.94
S50U18	BH-00626	B	1	1,132.00	0.00	17.10	1.20	0.00	18.30
S50U18	BU-00627	B	30	1,131.80	0.00	513.00	35.84	0.00	548.84
S50U18C1125	SH-00628	S	2	25.80	10,320.00	70.20	4.91	0.00	75.11
S50U18C1125	SH-00629	S	10	27.30	54,600.00	351.00	24.57	0.00	375.57
S50U18	SE-00731	S	4	1,132.20	0.00	68.40	4.79	0.00	73.19
S50U18	SE-00732	S	1	1,132.20	0.00	17.10	1.20	0.00	18.30
S50U18	SE-00733	S	5	1,132.20	0.00	85.50	5.99	0.00	91.49
S50U18	SE-00734	S	1	1,132.20	0.00	17.10	1.20	0.00	18.30
S50U18	SE-00735	S	5	1,132.20	0.00	85.50	5.99	0.00	91.49
S50U18	SE-00736	S	3	1,132.20	0.00	51.30	3.59	0.00	54.89
S50U18	SE-00737	S	1	1,132.20	0.00	17.10	1.20	0.00	18.30
S50U18	SE-00738	S	10	1,132.20	0.00	171.00	11.97	0.00	182.97
S50U18	SH-00739	S	14	1,126.00	0.00	239.40	16.76	0.00	256.16
S50U18	SH-00740	S	6	1,126.00	0.00	102.60	7.18	0.00	109.78
S50U18	BU-00741	B	2	1,125.50	0.00	34.20	2.39	0.00	36.59
S50U18	BU-00742	B	6	1,125.50	0.00	102.60	7.18	0.00	109.78
S50U18	BU-00743	B	5	1,125.50	0.00	85.50	5.99	0.00	91.49
S50U18	BU-00744	B	2	1,125.50	0.00	34.20	2.39	0.00	36.59
S50U18	BU-00745	B	1	1,125.50	0.00	17.10	1.20	0.00	18.30
S50U18	BU-00746	B	4	1,125.50	0.00	68.40	4.77	0.00	73.17
S50U18C1125	SH-00747	S	1	28.00	5,600.00	35.10	2.46	0.00	37.56
S50U18C1125	SH-00748	S	1	28.00	5,600.00	35.10	2.46	0.00	37.56
S50U18C1125	SH-00749	S	1	28.00	5,600.00	35.10	2.46	0.00	37.56
S50U18C1125	SH-00750	S	5	28.00	28,000.00	175.50	12.29	0.00	187.79
S50U18C1125	SH-00751	S	1	28.00	5,600.00	35.10	2.46	0.00	37.56
S50U18C1125	SH-00752	S	1	28.00	5,600.00	35.10	2.44	0.00	37.54
S50U18	SH-00523	S	5	1,127.00	0.00	85.50	5.99	0.00	91.49
S50U18	SH-00524	S	5	1,128.50	0.00	85.50	5.99	0.00	91.49
S50U18	BH-00525	B	10	1,130.20	0.00	171.00	11.97	0.00	182.97
S50U18	BU-00526	B	1	1,130.30	0.00	17.10	1.20	0.00	18.30
S50U18	BU-00527	B	2	1,130.30	0.00	34.20	2.39	0.00	36.59
S50U18	BU-00528	B	7	1,130.30	0.00	119.70	8.38	0.00	128.08
S50U18	BU-00529	B	1	1,130.30	0.00	17.10	1.20	0.00	18.30
S50U18	BU-00530	B	14	1,130.30	0.00	239.40	16.76	0.00	256.16
S50U18	SE-00531	S	2	1,128.50	0.00	34.20	2.39	0.00	36.59
S50U18	SE-00532	S	1	1,128.50	0.00	17.10	1.20	0.00	18.30
S50U18	SE-00533	S	20	1,128.50	0.00	342.00	23.94	0.00	365.94
S50U18	SE-00534	S	2	1,128.50	0.00	34.20	2.38	0.00	36.58
S50U18C1075	BH-00535	B	13	65.20	-169,520.00	456.30	31.94	0.00	488.24
S50U18C1075	BH-00536	B	2	65.20	-26,080.00	70.20	4.91	0.00	75.11
S50U18C1100	BH-00537	B	4	45.00	-36,000.00	140.40	9.83	0.00	150.23
S50U18C1100	BH-00538	B	6	45.00	-54,000.00	210.60	14.74	0.00	225.34
S50U18C1125	SH-00539	S	19	25.60	97,280.00	666.90	46.68	0.00	713.58
S50U18C1125	SH-00540	S	20	25.60	102,400.00	702.00	49.14	0.00	751.14
S50U18C1125	SH-00541	S	1	25.60	5,120.00	35.10	2.47	0.00	37.57
S50U18	SH-00619	S	18	1,120.00	0.00	307.80	21.55	0.00	329.35
S50U18	SH-00620	S	2	1,120.00	0.00	34.20	2.39	0.00	36.59
S50U18	BH-00621	B	1	1,121.80	0.00	17.10	1.20	0.00	18.30
S50U18	BH-00622	B	5	1,121.80	0.00	85.50	5.99	0.00	91.49
S50U18	BH-00623	B	4	1,121.80	0.00	68.40	4.79	0.00	73.19
S50U18	BH-00624	B	10	1,121.80	0.00	171.00	11.97	0.00	182.97
S50U18	SH-00625	S	15	1,123.80	0.00	256.50	17.96	0.00	274.46
S50U18	SH-00626	S	2	1,123.80	0.00	34.20	2.39	0.00	36.59
S50U18	SH-00627	S	1	1,123.80	0.00	17.10	1.20	0.00	18.30
S50U18	SH-00628	S	1	1,123.80	0.00	17.10	1.20	0.00	18.30
S50U18	SH-00629	S	1	1,123.80	0.00	17.10	1.20	0.00	18.30
S50U18	BH-00630	B	20	1,123.80	0.00	342.00	23.94	0.00	365.94
S50U18	SH-00631	S	20	1,128.00	0.00	342.00	23.94	0.00	365.94
S50U18	BU-00632	B	1	1,128.80	0.00	17.10	1.20	0.00	18.30
S50U18	BU-00633	B	2	1,128.80	0.00	34.20	2.39	0.00	36.59
S50U18	BU-00634	B	1	1,128.80	0.00	17.10	1.20	0.00	18.30
S50U18	BU-00635	B	11	1,128.80	0.00	188.10	13.17	0.00	201.27
S50U18	BU-00636	B	2	1,128.80	0.00	34.20	2.39	0.00	36.59
S50U18	BU-00637	B	3	1,128.80	0.00	51.30	3.59	0.00	54.89
S50U18	BU-00638	B	2	1,128.00	0.00	34.20	2.39	0.00	36.59
S50U18	BU-00639	B	1	1,128.00	0.00	17.10	1.20	0.00	18.30
S50U18	BU-00640	B	1	1,128.00	0.00	17.10	1.20	0.00	18.30
S50U18	BU-00641	B	15	1,128.00	0.00	256.50	17.96	0.00	274.46
S50U18	BU-00642	B	1	1,128.00	0.00	17.10	1.17	0.00	18.27
S50U18C1150	SH-00643	S	1	14.00	2,800.00	35.10	2.46	0.00	37.56
S50U18	SE-00527	S	20	1,134.00	0.00	342.00	23.94	0.00	365.94
S50U18	BU-00528	B	13	1,133.80	0.00	222.30	15.56	0.00	237.86
S50U18	BU-00529	B	7	1,133.80	0.00	119.70	8.38	0.00	128.08
S50U18	SE-00530	S	3	1,134.50	0.00	51.30	3.59	0.00	54.89
S50U18	SE-00531	S	10	1,134.50	0.00	171.00	11.97	0.00	182.97
S50U18	SE-00532	S	7	1,134.50	0.00	119.70	8.38	0.00	128.08
S50U18	BU-00533	B	2	1,136.00	0.00	34.20	2.39	0.00	36.59
S50U18	BU-00534	B	18	1,136.00	0.00	307.80	21.55	0.00	329.35
S50U18	SE-00535	S	12	1,137.10	0.00	205.20	14.36	0.00	219.56
S50U18	SE-00536	S	5	1,137.10	0.00	85.50	5.99	0.00	91.49
S50U18	SE-00537	S	2	1,137.10	0.00	34.20	2.39	0.00	36.59
S50U18	SE-00538	S	1	1,137.10	0.00	17.10	1.20	0.00	18.30
S50U18	SH-00539	S	1	1,136.80	0.00	17.10	1.20	0.00	18.30
S50U18	SH-00540	S	1	1,136.80	0.00	17.10	1.20	0.00	18.30
S50U18	SH-00541	S	2	1,136.80	0.00	34.20	2.39	0.00	36.59
S50U18	SH-00542	S	4	1,136.80	0.00	68.40	4.79	0.00	73.19
S50U18	SH-00543	S	3	1,136.80	0.00	51.30	3.59	0.00	54.89
S50U18	SH-00544	S	2	1,136.80	0.00	34.20	2.39	0.00	36.59
S50U18	SH-00545	S	2	1,136.80	0.00	34.20	2.39	0.00	36.59
S50U18	SH-00546	S	1	1,136.80	0.00	17.10	1.20	0.00	18.30
S50U18	SH-00547	S	2	1,136.80	0.00	34.20	2.39	0.00	36.59
S50U18	SH-00548	S	2	1,136.80	0.00	34.20	2.39	0.00	36.59
S50U18	SH-00549	S	2	1,136.80	0.00	34.20	2.39	0.00	36.59
S50U18	SH-00550	S	1	1,136.80	0.00	17.10	1.20	0.00	18.30
S50U18	SH-00551	S	2	1,136.80	0.00	34.20	2.39	0.00	36.59
S50U18	SH-00552	S	1	1,136.80	0.00	17.10	1.20	0.00	18.30
S50U18	SH-00553	S	1	1,136.80	0.00	17.10	1.20	0.00	18.30
S50U18	SH-00554	S	8	1,136.80	0.00	136.80	9.58	0.00	146.38
S50U18	SH-00555	S	15	1,136.80	0.00	256.50	17.96	0.00	274.46
S50U18	BH-00556	B	1	1,137.40	0.00	17.10	1.20	0.00	18.30
S50U18	BH-00557	B	20	1,137.40	0.00	342.00	23.94	0.00	365.94
S50U18	BH-00558	B	3	1,137.40	0.00	51.30	3.59	0.00	54.89
S50U18	BH-00559	B	2	1,137.40	0.00	34.20	2.39	0.00	36.59
S50U18	BH-00560	B	24	1,137.50	0.00	410.40	28.73	0.00	439.13
S50U18	BU-00561	B	20	1,137.60	0.00	342.00	23.94	0.00	365.94
S50U18	SE-00562	S	1	1,137.20	0.00	17.10	1.20	0.00	18.30
S50U18	SE-00563	S	2	1,137.20	0.00	34.20	2.39	0.00	36.59
S50U18	SE-00564	S	1	1,137.20	0.00	17.10	1.20	0.00	18.30
S50U18	SE-00565	S	2	1,137.20	0.00	34.20	2.39	0.00	36.59
S50U18	SE-00566	S	2	1,137.20	0.00	34.20	2.39	0.00	36.59
S50U18	SE-00567	S	2	1,137.20	0.00	34.20	2.39	0.00	36.59
S50U18	SE-00568	S	1	1,137.20	0.00	17.10	1.20	0.00	18.30
S50U18	SE-00569	S	1	1,137.20	0.00	17.10	1.20	0.00	18.30
S50U18	SE-00570	S	1	1,137.20	0.00	17.10	1.20	0.00	18.30
S50U18	SE-00571	S	2	1,137.20	0.00	34.20	2.39	0.00	36.59
S50U18	SE-00572	S	2	1,137.20	0.00	34.20	2.39	0.00	36.59
S50U18	SE-00573	S	1	1,137.20	0.00	17.10	1.20	0.00	18.30
S50U18	SE-00574	S	2	1,137.20	0.00	34.20	2.39	0.00	36.59
S50U18	SH-00575	S	30	1,136.50	0.00	513.00	35.91	0.00	548.91
S50U18	SH-00576	S	20	1,136.50	0.00	342.00	23.94	0.00	365.94
S50U18	BH-00577	B	6	1,137.40	0.00	102.60	7.18	0.00	109.78
S50U18	BH-00578	B	19	1,137.50	0.00	324.90	22.74	0.00	347.64
S50U18	BH-00579	B	25	1,137.50	0.00	427.50	29.93	0.00	457.43
S50U18	SH-00580	S	6	1,137.80	0.00	102.60	7.18	0.00	109.78
S50U18	SH-00581	S	2	1,137.80	0.00	34.20	2.39	0.00	36.59
S50U18	SH-00582	S	1	1,137.80	0.00	17.10	1.20	0.00	18.30
S50U18	SH-00583	S	5	1,137.80	0.00	85.50	5.99	0.00	91.49
S50U18	SH-00584	S	1	1,137.80	0.00	17.10	1.20	0.00	18.30
S50U18	SH-00585	S	7	1,137.80	0.00	119.70	8.38	0.00	128.08
S50U18	SH-00586	S	10	1,137.80	0.00	171.00	11.97	0.00	182.97
S50U18	SH-00587	S	18	1,137.80	0.00	307.80	21.55	0.00	329.35
S50U18	BH-00588	B	5	1,138.10	0.00	85.50	5.99	0.00	91.49
S50U18	BH-00589	B	16	1,138.20	0.00	273.60	19.15	0.00	292.75
S50U18	BH-00590	B	1	1,138.20	0.00	17.10	1.20	0.00	18.30
S50U18	BH-00591	B	1	1,138.20	0.00	17.10	1.20	0.00	18.30
S50U18	BH-00592	B	5	1,138.20	0.00	85.50	5.99	0.00	91.49
S50U18	BH-00593	B	22	1,138.20	0.00	376.20	26.33	0.00	402.53
S50U18	SH-00594	S	50	1,138.80	0.00	855.00	59.84	0.00	914.84
S50U18C1125	BH-00595	B	3	30.00	-18,000.00	105.30	7.37	0.00	112.67
S50U18C1125	BH-00596	B	3	30.00	-18,000.00	105.30	7.37	0.00	112.67
S50U18C1125	BH-00597	B	1	30.00	-6,000.00	35.10	2.46	0.00	37.56
S50U18C1125	BH-00598	B	13	30.70	-79,820.00	456.30	31.94	0.00	488.24
S50U18C1125	BH-00599	B	1	30.90	-6,180.00	35.10	2.46	0.00	37.56
S50U18C1125	BH-00600	B	1	31.00	-6,200.00	35.10	2.46	0.00	37.56
S50U18C1125	BH-00601	B	13	31.30	-81,380.00	456.30	31.94	0.00	488.24
S50U18C1125	BH-00602	B	1	31.30	-6,260.00	35.10	2.46	0.00	37.56
S50U18C1125	BH-00603	B	13	31.50	-81,900.00	456.30	31.93	0.00	488.23
S50U18	BH-00447	B	35	1,141.60	0.00	598.50	41.90	0.00	640.40
S50U18	BH-00448	B	15	1,141.60	0.00	256.50	17.96	0.00	274.46
S50U18	BU-00449	B	1	1,141.60	0.00	17.10	1.20	0.00	18.30
S50U18	BU-00450	B	6	1,141.60	0.00	102.60	7.18	0.00	109.78
S50U18	BU-00451	B	1	1,141.60	0.00	17.10	1.20	0.00	18.30
S50U18	BU-00452	B	1	1,141.60	0.00	17.10	1.20	0.00	18.30
S50U18	BU-00453	B	2	1,141.60	0.00	34.20	2.39	0.00	36.59
S50U18	BU-00454	B	2	1,141.60	0.00	34.20	2.39	0.00	36.59
S50U18	BU-00455	B	1	1,141.60	0.00	17.10	1.20	0.00	18.30
S50U18	BU-00456	B	2	1,141.60	0.00	34.20	2.39	0.00	36.59
S50U18	BU-00457	B	1	1,141.60	0.00	17.10	1.20	0.00	18.30
S50U18	BU-00458	B	1	1,141.60	0.00	17.10	1.20	0.00	18.30
S50U18	BU-00459	B	1	1,141.60	0.00	17.10	1.20	0.00	18.30
S50U18	BU-00460	B	1	1,141.60	0.00	17.10	1.20	0.00	18.30
S50U18	BU-00461	B	1	1,141.00	0.00	17.10	1.20	0.00	18.30
S50U18	BU-00462	B	5	1,141.00	0.00	85.50	5.99	0.00	91.49
S50U18	BU-00463	B	6	1,141.00	0.00	102.60	7.18	0.00	109.78
S50U18	BU-00464	B	3	1,141.00	0.00	51.30	3.59	0.00	54.89
S50U18	BU-00465	B	1	1,141.00	0.00	17.10	1.20	0.00	18.30
S50U18	BU-00466	B	6	1,141.00	0.00	102.60	7.18	0.00	109.78
S50U18	BU-00467	B	1	1,141.00	0.00	17.10	1.20	0.00	18.30
S50U18	BU-00468	B	5	1,141.00	0.00	85.50	5.99	0.00	91.49
S50U18	BU-00469	B	1	1,141.00	0.00	17.10	1.20	0.00	18.30
S50U18	BU-00470	B	15	1,141.00	0.00	256.50	17.96	0.00	274.46
S50U18	BU-00471	B	1	1,141.00	0.00	17.10	1.20	0.00	18.30
S50U18	BU-00472	B	1	1,141.00	0.00	17.10	1.20	0.00	18.30
S50U18	BU-00473	B	4	1,141.00	0.00	68.40	4.79	0.00	73.19
S50U18	SE-00474	S	4	1,139.10	0.00	68.40	4.79	0.00	73.19
S50U18	SE-00475	S	2	1,139.10	0.00	34.20	2.39	0.00	36.59
S50U18	SE-00476	S	17	1,139.00	0.00	290.70	20.35	0.00	311.05
S50U18	SE-00477	S	3	1,139.00	0.00	51.30	3.59	0.00	54.89
S50U18	SE-00478	S	1	1,139.00	0.00	17.10	1.20	0.00	18.30
S50U18	SE-00479	S	5	1,139.00	0.00	85.50	5.99	0.00	91.49
S50U18	SE-00480	S	1	1,139.00	0.00	17.10	1.20	0.00	18.30
S50U18	SE-00481	S	1	1,139.00	0.00	17.10	1.20	0.00	18.30
S50U18	SE-00482	S	5	1,139.00	0.00	85.50	5.99	0.00	91.49
S50U18	SE-00483	S	11	1,139.00	0.00	188.10	13.17	0.00	201.27
S50U18	SE-00484	S	5	1,138.50	0.00	85.50	5.99	0.00	91.49
S50U18	SE-00485	S	1	1,138.50	0.00	17.10	1.20	0.00	18.30
S50U18	SE-00486	S	1	1,138.50	0.00	17.10	1.20	0.00	18.30
S50U18	SE-00487	S	3	1,138.50	0.00	51.30	3.59	0.00	54.89
S50U18	SE-00488	S	1	1,138.50	0.00	17.10	1.20	0.00	18.30
S50U18	SE-00489	S	3	1,138.50	0.00	51.30	3.59	0.00	54.89
S50U18	SE-00490	S	1	1,138.50	0.00	17.10	1.20	0.00	18.30
S50U18	SE-00491	S	5	1,138.50	0.00	85.50	5.99	0.00	91.49
S50U18	SH-00492	S	17	1,138.50	0.00	290.70	20.35	0.00	311.05
S50U18	SH-00493	S	1	1,138.50	0.00	17.10	1.20	0.00	18.30
S50U18	SH-00494	S	4	1,138.50	0.00	68.40	4.79	0.00	73.19
S50U18	SH-00495	S	1	1,138.50	0.00	17.10	1.20	0.00	18.30
S50U18	SH-00496	S	1	1,138.50	0.00	17.10	1.20	0.00	18.30
S50U18	SH-00497	S	2	1,138.50	0.00	34.20	2.39	0.00	36.59
S50U18	SH-00498	S	1	1,138.50	0.00	17.10	1.20	0.00	18.30
S50U18	SH-00499	S	3	1,138.50	0.00	51.30	3.59	0.00	54.89
S50U18	SH-00500	S	5	1,138.50	0.00	85.50	5.99	0.00	91.49
S50U18	SH-00501	S	2	1,138.50	0.00	34.20	2.39	0.00	36.59
S50U18	SH-00502	S	1	1,138.50	0.00	17.10	1.20	0.00	18.30
S50U18	SH-00503	S	10	1,138.50	0.00	171.00	11.97	0.00	182.97
S50U18	SH-00504	S	1	1,138.50	0.00	17.10	1.20	0.00	18.30
S50U18	SH-00505	S	1	1,138.50	0.00	17.10	1.20	0.00	18.30
S50U18	BH-00506	B	3	1,138.50	0.00	51.30	3.59	0.00	54.89
S50U18	BH-00507	B	2	1,138.50	0.00	34.20	2.39	0.00	36.59
S50U18	BH-00508	B	1	1,138.50	0.00	17.10	1.20	0.00	18.30
S50U18	BH-00509	B	2	1,138.50	0.00	34.20	2.39	0.00	36.59
S50U18	BH-00510	B	3	1,138.50	0.00	51.30	3.59	0.00	54.89
S50U18	BH-00511	B	10	1,138.50	0.00	171.00	11.97	0.00	182.97
S50U18	BH-00512	B	20	1,138.50	0.00	342.00	23.94	0.00	365.94
S50U18	BH-00513	B	3	1,138.50	0.00	51.30	3.59	0.00	54.89
S50U18	BH-00514	B	1	1,138.50	0.00	17.10	1.20	0.00	18.30
S50U18	BH-00515	B	5	1,138.50	0.00	85.50	5.99	0.00	91.49
S50U18	SH-00516	S	5	1,141.50	0.00	85.50	5.99	0.00	91.49
S50U18	SH-00517	S	2	1,141.80	0.00	34.20	2.39	0.00	36.59
S50U18	SH-00518	S	1	1,141.80	0.00	17.10	1.20	0.00	18.30
S50U18	SH-00519	S	1	1,141.80	0.00	17.10	1.20	0.00	18.30
S50U18	SH-00520	S	1	1,141.80	0.00	17.10	1.20	0.00	18.30
S50U18	SH-00521	S	5	1,139.00	0.00	85.50	5.87	0.00	91.37
S50U18	SH-00837	S	2	1,133.50	0.00	34.20	2.39	0.00	36.59
S50U18	SH-00838	S	2	1,133.50	0.00	34.20	2.39	0.00	36.59
S50U18	SH-00839	S	1	1,133.50	0.00	17.10	1.20	0.00	18.30
S50U18	SH-00840	S	4	1,133.50	0.00	68.40	4.79	0.00	73.19
S50U18	SH-00841	S	1	1,133.50	0.00	17.10	1.20	0.00	18.30
S50U18C1150	SH-00842	S	5	14.00	14,000.00	175.50	12.29	0.00	187.79
S50U18P1100	SH-00843	S	1	13.00	2,600.00	35.10	2.46	0.00	37.56
S50U18P1100	SH-00844	S	1	13.50	2,700.00	35.10	2.46	0.00	37.56
S50U18P1125	BH-00845	B	1	21.50	-4,300.00	35.10	2.46	0.00	37.56
S50U18P1125	BH-00846	B	1	21.20	-4,240.00	35.10	2.46	0.00	37.56
S50U18P1125	BH-00847	B	1	21.00	-4,200.00	35.10	2.46	0.00	37.56
S50U18P1125	BH-00848	B	2	20.00	-8,000.00	70.20	4.91	0.00	75.11
S50U18P1125	SH-00849	S	3	23.00	13,800.00	105.30	7.36	0.00	112.66
S50U18	BH-00681	B	10	1,117.00	0.00	171.00	11.97	0.00	182.97
S50U18	BH-00682	B	1	1,111.20	0.00	17.10	1.20	0.00	18.30
S50U18	BH-00683	B	4	1,111.20	0.00	68.40	4.79	0.00	73.19
S50U18	BH-00684	B	1	1,111.00	0.00	17.10	1.20	0.00	18.30
S50U18	BH-00685	B	2	1,111.00	0.00	34.20	2.39	0.00	36.59
S50U18	BH-00686	B	1	1,111.00	0.00	17.10	1.20	0.00	18.30
S50U18	BH-00687	B	1	1,111.00	0.00	17.10	1.20	0.00	18.30
S50U18	SH-00688	S	1	1,111.80	0.00	17.10	1.20	0.00	18.30
S50U18	SH-00689	S	4	1,111.80	0.00	68.40	4.79	0.00	73.19
S50U18	SH-00690	S	1	1,115.70	0.00	17.10	1.20	0.00	18.30
S50U18	SH-00691	S	4	1,115.70	0.00	68.40	4.79	0.00	73.19
S50U18	BH-00692	B	5	1,113.50	0.00	85.50	5.99	0.00	91.49
S50U18	BH-00693	B	2	1,113.50	0.00	34.20	2.39	0.00	36.59
S50U18	BH-00694	B	3	1,113.50	0.00	51.30	3.59	0.00	54.89
S50U18	SH-00695	S	5	1,116.20	0.00	85.50	5.99	0.00	91.49
S50U18	BH-00696	B	1	1,118.50	0.00	17.10	1.20	0.00	18.30
S50U18	BH-00697	B	4	1,118.50	0.00	68.40	4.79	0.00	73.19
S50U18	SH-00698	S	5	1,118.90	0.00	85.50	5.99	0.00	91.49
S50U18	BU-00699	B	8	1,119.80	0.00	136.80	9.58	0.00	146.38
S50U18	BU-00700	B	2	1,119.80	0.00	34.20	2.36	0.00	36.56
S50U18C1100	SH-00701	S	5	31.60	31,600.00	175.50	12.29	0.00	187.79
S50U18C1100	SH-00702	S	5	31.60	31,600.00	175.50	12.29	0.00	187.79
S50U18C1125	BH-00703	B	1	19.00	-3,800.00	35.10	2.46	0.00	37.56
S50U18C1125	BH-00704	B	1	19.00	-3,800.00	35.10	2.46	0.00	37.56
S50U18C1125	BH-00705	B	2	19.00	-7,600.00	70.20	4.91	0.00	75.11
S50U18C1125	BH-00706	B	6	19.00	-22,800.00	210.60	14.74	0.00	225.34
S50U18P1075	BU-00707	B	15	10.80	-32,400.00	526.50	36.85	0.00	563.35
S50U18	SH-00658	S	1	1,109.50	0.00	17.10	1.20	0.00	18.30
S50U18	SH-00659	S	3	1,109.50	0.00	51.30	3.59	0.00	54.89
S50U18	SH-00660	S	6	1,109.50	0.00	102.60	7.18	0.00	109.78
S50U18	SH-00661	S	10	1,109.50	0.00	171.00	11.97	0.00	182.97
S50U18	BH-00662	B	2	1,109.30	0.00	34.20	2.39	0.00	36.59
S50U18	BH-00663	B	18	1,109.30	0.00	307.80	21.55	0.00	329.35
S50U18	SH-00664	S	2	1,108.50	0.00	34.20	2.39	0.00	36.59
S50U18	SH-00665	S	3	1,108.50	0.00	51.30	3.59	0.00	54.89
S50U18	BU-00666	B	5	1,106.10	0.00	85.50	5.99	0.00	91.49
S50U18	BU-00667	B	2	1,103.00	0.00	34.20	2.39	0.00	36.59
S50U18	BU-00668	B	1	1,103.00	0.00	17.10	1.20	0.00	18.30
S50U18	BU-00669	B	1	1,103.00	0.00	17.10	1.20	0.00	18.30
S50U18	BU-00670	B	1	1,103.00	0.00	17.10	1.20	0.00	18.30
S50U18C1075	SH-00671	S	1	41.00	8,200.00	35.10	2.46	0.00	37.56
S50U18C1075	SH-00672	S	5	41.00	41,000.00	175.50	12.29	0.00	187.79
S50U18C1125	BH-00673	B	2	12.30	-4,920.00	70.20	4.91	0.00	75.11
S50U18	BU-00589	B	2	1,102.10	0.00	34.20	2.39	0.00	36.59
S50U18	BU-00590	B	1	1,102.10	0.00	17.10	1.20	0.00	18.30
S50U18	BU-00591	B	1	1,102.10	0.00	17.10	1.20	0.00	18.30
S50U18	BU-00592	B	1	1,102.10	0.00	17.10	1.20	0.00	18.30
S50U18	BU-00593	B	2	1,099.00	0.00	34.20	2.39	0.00	36.59
S50U18	BU-00594	B	5	1,099.00	0.00	85.50	5.99	0.00	91.49
S50U18	BU-00595	B	10	1,099.00	0.00	171.00	11.97	0.00	182.97
S50U18	BU-00596	B	2	1,099.00	0.00	34.20	2.39	0.00	36.59
S50U18	BU-00597	B	1	1,099.00	0.00	17.10	1.20	0.00	18.30
S50U18	SE-00598	S	8	1,104.60	0.00	136.80	9.58	0.00	146.38
S50U18	SE-00599	S	2	1,104.60	0.00	34.20	2.39	0.00	36.59
S50U18	SE-00600	S	9	1,104.50	0.00	153.90	10.77	0.00	164.67
S50U18	SE-00601	S	1	1,104.50	0.00	17.10	1.20	0.00	18.30
S50U18P1075	SE-00602	S	1	13.60	2,720.00	35.10	2.46	0.00	37.56
S50U18P1075	SE-00603	S	1	13.60	2,720.00	35.10	2.46	0.00	37.56
S50U18P1075	SE-00604	S	13	13.60	35,360.00	456.30	31.94	0.00	488.24
S50U18P1075	BU-00605	B	5	11.60	-11,600.00	175.50	12.28	0.00	187.78
S50U18	SE-00566	S	5	1,113.00	0.00	85.50	5.99	0.00	91.49
S50U18	BU-00567	B	5	1,112.40	0.00	85.50	5.99	0.00	91.49
S50U18	SE-00568	S	5	1,113.00	0.00	85.50	5.99	0.00	91.49
S50U18	SE-00569	S	5	1,113.50	0.00	85.50	5.97	0.00	91.47
S50U18P1075	BU-00570	B	4	10.00	-8,000.00	140.40	9.83	0.00	150.23
S50U18P1075	BU-00571	B	1	10.00	-2,000.00	35.10	2.46	0.00	37.56
S50U18P1075	BU-00572	B	5	10.00	-10,000.00	175.50	12.28	0.00	187.78
S50U18	SH-00502	S	20	1,120.00	0.00	342.00	23.94	0.00	365.94
S50U18	BH-00503	B	3	1,121.80	0.00	51.30	3.59	0.00	54.89
S50U18	BH-00504	B	1	1,121.80	0.00	17.10	1.20	0.00	18.30
S50U18	BH-00505	B	1	1,121.80	0.00	17.10	1.20	0.00	18.30
S50U18	BH-00506	B	2	1,121.80	0.00	34.20	2.39	0.00	36.59
S50U18	BH-00507	B	1	1,121.80	0.00	17.10	1.20	0.00	18.30
S50U18	BH-00508	B	6	1,121.80	0.00	102.60	7.18	0.00	109.78
S50U18	BH-00509	B	1	1,121.80	0.00	17.10	1.20	0.00	18.30
S50U18	BH-00510	B	1	1,121.80	0.00	17.10	1.20	0.00	18.30
S50U18	BH-00511	B	2	1,121.80	0.00	34.20	2.39	0.00	36.59
S50U18	BH-00512	B	2	1,121.80	0.00	34.20	2.39	0.00	36.59
S50U18	BU-00513	B	6	1,120.50	0.00	102.60	7.18	0.00	109.78
S50U18	BU-00514	B	14	1,120.50	0.00	239.40	16.76	0.00	256.16
S50U18	SE-00515	S	20	1,120.50	0.00	342.00	23.94	0.00	365.94
S50U18	SH-00516	S	13	1,121.00	0.00	222.30	15.56	0.00	237.86
S50U18	SH-00517	S	5	1,121.00	0.00	85.50	5.99	0.00	91.49
S50U18	SH-00518	S	2	1,121.00	0.00	34.20	2.39	0.00	36.59
S50U18	BH-00519	B	3	1,121.10	0.00	51.30	3.59	0.00	54.89
S50U18	BH-00520	B	1	1,121.10	0.00	17.10	1.20	0.00	18.30
S50U18	BH-00521	B	2	1,121.10	0.00	34.20	2.39	0.00	36.59
S50U18	BH-00522	B	1	1,121.10	0.00	17.10	1.20	0.00	18.30
S50U18	BH-00523	B	1	1,121.10	0.00	17.10	1.20	0.00	18.30
S50U18	BH-00524	B	7	1,121.10	0.00	119.70	8.38	0.00	128.08
S50U18	BH-00525	B	2	1,121.10	0.00	34.20	2.39	0.00	36.59
S50U18	BH-00526	B	1	1,121.10	0.00	17.10	1.20	0.00	18.30
S50U18	SH-00527	S	3	1,122.10	0.00	51.30	3.59	0.00	54.89
S50U18	SH-00528	S	1	1,122.10	0.00	17.10	1.20	0.00	18.30
S50U18	SH-00529	S	11	1,122.10	0.00	188.10	13.17	0.00	201.27
S50U18	BH-00530	B	14	1,121.90	0.00	239.40	16.76	0.00	256.16
S50U18	BH-00531	B	1	1,121.90	0.00	17.10	1.20	0.00	18.30
S50U18	SH-00532	S	3	1,122.10	0.00	51.30	3.59	0.00	54.89
S50U18	SH-00533	S	2	1,122.10	0.00	34.20	2.39	0.00	36.59
S50U18	SH-00534	S	2	1,122.10	0.00	34.20	2.39	0.00	36.59
S50U18	SH-00535	S	1	1,122.10	0.00	17.10	1.20	0.00	18.30
S50U18	SH-00536	S	1	1,122.10	0.00	17.10	1.20	0.00	18.30
S50U18	SH-00537	S	4	1,122.10	0.00	68.40	4.79	0.00	73.19
S50U18	SH-00538	S	1	1,122.10	0.00	17.10	1.20	0.00	18.30
S50U18	SH-00539	S	4	1,122.10	0.00	68.40	4.79	0.00	73.19
S50U18	BH-00540	B	8	1,122.10	0.00	136.80	9.58	0.00	146.38
S50U18	BH-00541	B	3	1,122.10	0.00	51.30	3.59	0.00	54.89
S50U18	BH-00542	B	1	1,122.10	0.00	17.10	1.20	0.00	18.30
S50U18	BH-00543	B	1	1,122.10	0.00	17.10	1.20	0.00	18.30
S50U18	BH-00544	B	7	1,122.10	0.00	119.70	8.38	0.00	128.08
S50U18	SH-00545	S	3	1,122.60	0.00	51.30	3.59	0.00	54.89
S50U18	SH-00546	S	10	1,122.60	0.00	171.00	11.97	0.00	182.97
S50U18	SH-00547	S	7	1,122.60	0.00	119.70	8.38	0.00	128.08
S50U18	BH-00548	B	1	1,122.40	0.00	17.10	1.20	0.00	18.30
S50U18	BH-00549	B	5	1,122.40	0.00	85.50	5.99	0.00	91.49
S50U18	BH-00550	B	1	1,122.40	0.00	17.10	1.20	0.00	18.30
S50U18	BH-00551	B	5	1,122.40	0.00	85.50	5.99	0.00	91.49
S50U18	BH-00552	B	1	1,122.40	0.00	17.10	1.20	0.00	18.30
S50U18	BH-00553	B	1	1,122.40	0.00	17.10	1.20	0.00	18.30
S50U18	BH-00554	B	3	1,122.40	0.00	51.30	3.59	0.00	54.89
S50U18	BH-00555	B	2	1,122.40	0.00	34.20	2.39	0.00	36.59
S50U18	BH-00556	B	1	1,122.40	0.00	17.10	1.20	0.00	18.30
S50U18	SH-00557	S	18	1,122.10	0.00	307.80	21.55	0.00	329.35
S50U18	BH-00558	B	1	1,121.80	0.00	17.10	1.20	0.00	18.30
S50U18	BH-00559	B	2	1,121.80	0.00	34.20	2.39	0.00	36.59
S50U18	BH-00560	B	1	1,121.80	0.00	17.10	1.20	0.00	18.30
S50U18	BH-00561	B	1	1,121.80	0.00	17.10	1.20	0.00	18.30
S50U18	BH-00562	B	1	1,121.80	0.00	17.10	1.20	0.00	18.30
S50U18	BH-00563	B	5	1,121.80	0.00	85.50	5.99	0.00	91.49
S50U18	BH-00564	B	7	1,121.80	0.00	119.70	8.38	0.00	128.08
S50U18	SH-00565	S	5	1,121.60	0.00	85.50	5.99	0.00	91.49
S50U18	SH-00566	S	10	1,121.60	0.00	171.00	11.97	0.00	182.97
S50U18	SH-00567	S	5	1,121.60	0.00	85.50	5.99	0.00	91.49
S50U18	BH-00568	B	2	1,122.30	0.00	34.20	2.39	0.00	36.59
S50U18	BH-00569	B	1	1,122.30	0.00	17.10	1.20	0.00	18.30
S50U18	BH-00570	B	1	1,122.30	0.00	17.10	1.20	0.00	18.30
S50U18	BH-00571	B	10	1,122.30	0.00	171.00	11.97	0.00	182.97
S50U18	BH-00572	B	6	1,122.30	0.00	102.60	7.18	0.00	109.78
S50U18	BU-00573	B	2	1,122.40	0.00	34.20	2.39	0.00	36.59
S50U18	BU-00574	B	1	1,122.40	0.00	17.10	1.20	0.00	18.30
S50U18	BU-00575	B	7	1,122.40	0.00	119.70	8.38	0.00	128.08
S50U18	SE-00576	S	1	1,120.60	0.00	17.10	1.20	0.00	18.30
S50U18	SE-00577	S	5	1,120.60	0.00	85.50	5.99	0.00	91.49
S50U18	SE-00578	S	4	1,120.60	0.00	68.40	4.79	0.00	73.19
S50U18	SH-00579	S	2	1,121.00	0.00	34.20	2.39	0.00	36.59
S50U18	SH-00580	S	1	1,121.00	0.00	17.10	1.20	0.00	18.30
S50U18	SH-00581	S	1	1,121.00	0.00	17.10	1.20	0.00	18.30
S50U18	SH-00582	S	1	1,121.00	0.00	17.10	1.20	0.00	18.30
S50U18	SH-00583	S	2	1,121.00	0.00	34.20	2.39	0.00	36.59
S50U18	SH-00584	S	13	1,121.00	0.00	222.30	15.56	0.00	237.86
S50U18	BH-00585	B	9	1,121.00	0.00	153.90	10.77	0.00	164.67
S50U18	BH-00586	B	3	1,121.00	0.00	51.30	3.59	0.00	54.89
S50U18	BH-00587	B	2	1,121.00	0.00	34.20	2.39	0.00	36.59
S50U18	BH-00588	B	6	1,121.00	0.00	102.60	7.10	0.00	109.70
S50U18	BU-00600	B	20	1,122.80	0.00	342.00	23.94	0.00	365.94
S50U18	BU-00601	B	1	1,121.50	0.00	17.10	1.20	0.00	18.30
S50U18	BU-00602	B	1	1,121.50	0.00	17.10	1.20	0.00	18.30
S50U18	BU-00603	B	1	1,121.50	0.00	17.10	1.20	0.00	18.30
S50U18	BU-00604	B	5	1,121.50	0.00	85.50	5.99	0.00	91.49
S50U18	BU-00605	B	6	1,121.50	0.00	102.60	7.18	0.00	109.78
S50U18	BU-00606	B	1	1,121.50	0.00	17.10	1.20	0.00	18.30
S50U18	BU-00607	B	18	1,114.90	0.00	307.80	21.55	0.00	329.35
S50U18	BU-00608	B	1	1,115.00	0.00	17.10	1.20	0.00	18.30
S50U18	BU-00609	B	1	1,115.00	0.00	17.10	1.20	0.00	18.30
S50U18	SE-00610	S	1	1,114.00	0.00	17.10	1.20	0.00	18.30
S50U18	SE-00611	S	1	1,114.00	0.00	17.10	1.20	0.00	18.30
S50U18	SE-00612	S	6	1,114.00	0.00	102.60	7.18	0.00	109.78
S50U18	SE-00613	S	1	1,114.00	0.00	17.10	1.20	0.00	18.30
S50U18	SE-00614	S	1	1,114.00	0.00	17.10	1.20	0.00	18.30
S50U18	SE-00615	S	1	1,114.00	0.00	17.10	1.20	0.00	18.30
S50U18	SE-00616	S	3	1,114.00	0.00	51.30	3.59	0.00	54.89
S50U18	SE-00617	S	6	1,114.00	0.00	102.60	7.18	0.00	109.78
S50U18	BU-00618	B	5	1,111.50	0.00	85.50	5.99	0.00	91.49
S50U18	BU-00619	B	5	1,111.50	0.00	85.50	5.99	0.00	91.49
S50U18	SE-00620	S	7	1,111.20	0.00	119.70	8.38	0.00	128.08
S50U18	SE-00621	S	1	1,111.20	0.00	17.10	1.20	0.00	18.30
S50U18	SE-00622	S	1	1,111.20	0.00	17.10	1.20	0.00	18.30
S50U18	SE-00623	S	20	1,111.20	0.00	342.00	23.94	0.00	365.94
S50U18	SE-00624	S	1	1,111.20	0.00	17.10	1.20	0.00	18.30
S50U18	SE-00625	S	1	1,111.20	0.00	17.10	1.20	0.00	18.30
S50U18	SE-00626	S	10	1,111.20	0.00	171.00	11.97	0.00	182.97
S50U18	SE-00627	S	1	1,111.20	0.00	17.10	1.20	0.00	18.30
S50U18	SE-00628	S	1	1,111.20	0.00	17.10	1.20	0.00	18.30
S50U18	SE-00629	S	2	1,111.20	0.00	34.20	2.39	0.00	36.59
S50U18	BU-00630	B	2	1,112.00	0.00	34.20	2.39	0.00	36.59
S50U18	BU-00631	B	1	1,112.00	0.00	17.10	1.20	0.00	18.30
S50U18	BU-00632	B	1	1,112.00	0.00	17.10	1.20	0.00	18.30
S50U18	BU-00633	B	10	1,112.00	0.00	171.00	11.97	0.00	182.97
S50U18	BU-00634	B	14	1,112.00	0.00	239.40	16.76	0.00	256.16
S50U18	BU-00635	B	1	1,112.00	0.00	17.10	1.20	0.00	18.30
S50U18	BU-00636	B	1	1,112.00	0.00	17.10	1.20	0.00	18.30
S50U18	BU-00637	B	5	1,110.00	0.00	85.50	5.92	0.00	91.42
S50U18P1075	SE-00638	S	2	8.00	3,200.00	70.20	4.91	0.00	75.11
S50U18P1075	SE-00639	S	1	8.00	1,600.00	35.10	2.46	0.00	37.56
S50U18P1075	SE-00640	S	2	8.00	3,200.00	70.20	4.91	0.00	75.11
S50U18P1075	SE-00641	S	1	8.00	1,600.00	35.10	2.46	0.00	37.56
S50U18P1075	SE-00642	S	4	8.00	6,400.00	140.40	9.83	0.00	150.23
S50U18P1075	SE-00643	S	10	8.90	17,800.00	351.00	24.57	0.00	375.57
S50U18	SE-00590	S	8	1,120.30	0.00	136.80	9.58	0.00	146.38
S50U18	SE-00591	S	1	1,120.30	0.00	17.10	1.20	0.00	18.30
S50U18	SE-00592	S	5	1,120.30	0.00	85.50	5.99	0.00	91.49
S50U18	SE-00593	S	16	1,120.30	0.00	273.60	19.15	0.00	292.75
S50U18	SE-00594	S	4	1,122.00	0.00	68.40	4.79	0.00	73.19
S50U18	SE-00595	S	1	1,122.00	0.00	17.10	1.20	0.00	18.30
S50Z18	SH-00596	S	4	1,124.50	0.00	68.40	4.79	0.00	73.19
S50Z18	SH-00597	S	1	1,124.50	0.00	17.10	1.18	0.00	18.28
S50Z18C1125	BU-00598	B	5	36.00	-36,000.00	175.50	12.29	0.00	187.79
S50Z18P1125	SH-00599	S	1	37.30	7,460.00	35.10	2.46	0.00	37.56
S50Z18P1125	SH-00600	S	3	37.20	22,320.00	105.30	7.37	0.00	112.67
S50Z18P1125	SH-00601	S	1	37.20	7,440.00	35.10	2.45	0.00	37.55
S50U18	SH-00375	S	3	1,127.00	0.00	51.30	3.59	0.00	54.89
S50U18	SH-00376	S	2	1,127.00	0.00	34.20	2.39	0.00	36.59
S50U18	SH-00377	S	1	1,127.00	0.00	17.10	1.20	0.00	18.30
S50U18	SH-00378	S	2	1,127.00	0.00	34.20	2.39	0.00	36.59
S50U18	SH-00379	S	1	1,127.00	0.00	17.10	1.20	0.00	18.30
S50U18	SH-00380	S	2	1,127.00	0.00	34.20	2.39	0.00	36.59
S50U18	SH-00381	S	1	1,127.00	0.00	17.10	1.20	0.00	18.30
S50U18	SH-00382	S	1	1,127.00	0.00	17.10	1.20	0.00	18.30
S50U18	SH-00383	S	2	1,127.00	0.00	34.20	2.39	0.00	36.59
S50U18	SH-00384	S	2	1,127.00	0.00	34.20	2.39	0.00	36.59
S50U18	SH-00385	S	3	1,127.00	0.00	51.30	3.59	0.00	54.89
S50U18	BH-00386	B	20	1,126.50	0.00	342.00	23.94	0.00	365.94
S50U18	SH-00387	S	1	1,125.20	0.00	17.10	1.20	0.00	18.30
S50U18	SH-00388	S	1	1,125.20	0.00	17.10	1.20	0.00	18.30
S50U18	SH-00389	S	3	1,125.20	0.00	51.30	3.59	0.00	54.89
S50U18	BU-00390	B	5	1,125.30	0.00	85.50	5.99	0.00	91.49
S50U18	SH-00387	S	2	1,130.20	0.00	34.20	2.39	0.00	36.59
S50U18	SH-00388	S	2	1,130.20	0.00	34.20	2.39	0.00	36.59
S50U18	SH-00389	S	1	1,130.20	0.00	17.10	1.20	0.00	18.30
S50U18	SH-00390	S	6	1,130.20	0.00	102.60	7.18	0.00	109.78
S50U18	SH-00391	S	1	1,130.20	0.00	17.10	1.20	0.00	18.30
S50U18	SH-00392	S	1	1,130.20	0.00	17.10	1.20	0.00	18.30
S50U18	SH-00393	S	7	1,130.20	0.00	119.70	8.38	0.00	128.08
S50U18	BH-00394	B	2	1,130.80	0.00	34.20	2.39	0.00	36.59
S50U18	BH-00395	B	1	1,130.80	0.00	17.10	1.20	0.00	18.30
S50U18	BH-00396	B	5	1,130.80	0.00	85.50	5.99	0.00	91.49
S50U18	BH-00397	B	1	1,130.80	0.00	17.10	1.20	0.00	18.30
S50U18	BH-00398	B	4	1,130.80	0.00	68.40	4.79	0.00	73.19
S50U18	BH-00399	B	2	1,130.80	0.00	34.20	2.39	0.00	36.59
S50U18	BH-00400	B	1	1,130.80	0.00	17.10	1.20	0.00	18.30
S50U18	BH-00401	B	4	1,130.80	0.00	68.40	4.79	0.00	73.19
S50U18	BU-00402	B	3	1,129.90	0.00	51.30	3.59	0.00	54.89
S50U18	BU-00403	B	1	1,129.90	0.00	17.10	1.20	0.00	18.30
S50U18	BU-00404	B	1	1,129.90	0.00	17.10	1.20	0.00	18.30
S50U18	BU-00405	B	1	1,129.90	0.00	17.10	1.20	0.00	18.30
S50U18	BU-00406	B	2	1,129.90	0.00	34.20	2.39	0.00	36.59
S50U18	BU-00407	B	1	1,129.90	0.00	17.10	1.20	0.00	18.30
S50U18	BU-00408	B	1	1,129.90	0.00	17.10	1.20	0.00	18.30
S50U18	BU-00409	B	1	1,129.90	0.00	17.10	1.20	0.00	18.30
S50U18	BU-00410	B	1	1,129.90	0.00	17.10	1.20	0.00	18.30
S50U18	BU-00411	B	1	1,129.90	0.00	17.10	1.20	0.00	18.30
S50U18	BU-00412	B	2	1,129.90	0.00	34.20	2.39	0.00	36.59
S50U18	BU-00413	B	4	1,129.90	0.00	68.40	4.79	0.00	73.19
S50U18	BU-00414	B	1	1,129.90	0.00	17.10	1.20	0.00	18.30
S50U18	BU-00415	B	23	1,130.00	0.00	393.30	27.53	0.00	420.83
S50U18	BU-00416	B	1	1,130.00	0.00	17.10	1.20	0.00	18.30
S50U18	BU-00417	B	1	1,130.00	0.00	17.10	1.20	0.00	18.30
S50U18	BU-00418	B	1	1,130.00	0.00	17.10	1.20	0.00	18.30
S50U18	BU-00419	B	1	1,130.00	0.00	17.10	1.20	0.00	18.30
S50U18	BU-00420	B	1	1,130.00	0.00	17.10	1.20	0.00	18.30
S50U18	BU-00421	B	2	1,130.00	0.00	34.20	2.39	0.00	36.59
S50U18	BU-00422	B	2	1,130.00	0.00	34.20	2.39	0.00	36.59
S50U18	BU-00423	B	2	1,130.00	0.00	34.20	2.39	0.00	36.59
S50U18	BU-00424	B	5	1,130.00	0.00	85.50	5.99	0.00	91.49
S50U18	BU-00425	B	3	1,130.00	0.00	51.30	3.59	0.00	54.89
S50U18	BU-00426	B	1	1,130.00	0.00	17.10	1.20	0.00	18.30
S50U18	BU-00427	B	1	1,130.00	0.00	17.10	1.20	0.00	18.30
S50U18	BU-00428	B	1	1,130.00	0.00	17.10	1.20	0.00	18.30
S50U18	BU-00429	B	1	1,130.00	0.00	17.10	1.20	0.00	18.30
S50U18	BU-00430	B	4	1,130.00	0.00	68.40	4.79	0.00	73.19
S50U18	SE-00431	S	37	1,130.30	0.00	632.70	44.29	0.00	676.99
S50U18	SE-00432	S	1	1,130.30	0.00	17.10	1.20	0.00	18.30
S50U18	SE-00433	S	1	1,130.30	0.00	17.10	1.20	0.00	18.30
S50U18	SE-00434	S	2	1,130.30	0.00	34.20	2.39	0.00	36.59
S50U18	SE-00435	S	1	1,130.30	0.00	17.10	1.20	0.00	18.30
S50U18	SE-00436	S	1	1,130.30	0.00	17.10	1.20	0.00	18.30
S50U18	SE-00437	S	2	1,130.30	0.00	34.20	2.39	0.00	36.59
S50U18	SE-00438	S	2	1,130.30	0.00	34.20	2.39	0.00	36.59
S50U18	SE-00439	S	1	1,130.30	0.00	17.10	1.20	0.00	18.30
S50U18	SE-00440	S	1	1,130.30	0.00	17.10	1.20	0.00	18.30
S50U18	SE-00441	S	1	1,130.30	0.00	17.10	1.20	0.00	18.30
S50U18	SE-00442	S	20	1,130.00	0.00	342.00	23.94	0.00	365.94
S50U18	BU-00443	B	1	1,129.80	0.00	17.10	1.20	0.00	18.30
S50U18	BU-00444	B	1	1,129.80	0.00	17.10	1.20	0.00	18.30
S50U18	BU-00445	B	2	1,129.80	0.00	34.20	2.39	0.00	36.59
S50U18	BU-00446	B	2	1,129.80	0.00	34.20	2.39	0.00	36.59
S50U18	BU-00447	B	4	1,129.80	0.00	68.40	4.79	0.00	73.19
S50U18	BU-00448	B	20	1,130.50	0.00	342.00	23.94	0.00	365.94
S50U18	BU-00449	B	2	1,130.50	0.00	34.20	2.39	0.00	36.59
S50U18	BU-00450	B	1	1,130.50	0.00	17.10	1.20	0.00	18.30
S50U18	BU-00451	B	2	1,130.50	0.00	34.20	2.34	0.00	36.54
S50U18C1175	BH-00452	B	10	5.00	-10,000.00	351.00	24.57	0.00	375.57
S50U18C1175	BH-00453	B	1	5.00	-1,000.00	35.10	2.46	0.00	37.56
S50U18C1175	BH-00454	B	1	5.00	-1,000.00	35.10	2.45	0.00	37.55
S50U18	SE-00354	S	5	1,137.00	0.00	85.50	5.99	0.00	91.49
S50U18	BU-00570	B	5	1,140.50	0.00	85.50	5.99	0.00	91.49
S50U18	BU-00571	B	5	1,135.00	0.00	85.50	5.99	0.00	91.49
S50U18	BU-00572	B	5	1,128.00	0.00	85.50	5.98	0.00	91.48
S50U18C1125	SH-00573	S	1	26.10	5,220.00	35.10	2.46	0.00	37.56
S50U18C1125	SH-00574	S	2	26.10	10,440.00	70.20	4.91	0.00	75.11
S50U18C1125	SH-00575	S	1	26.00	5,200.00	35.10	2.46	0.00	37.56
S50U18C1125	SH-00576	S	1	26.00	5,200.00	35.10	2.46	0.00	37.56
S50U18P1150	SH-00577	S	2	25.00	10,000.00	70.20	4.91	0.00	75.11
S50U18P1150	SH-00578	S	3	25.00	15,000.00	105.30	7.37	0.00	112.67
S50U18	SE-00665	S	5	1,135.00	0.00	85.50	5.99	0.00	91.49
S50U18	SE-00666	S	5	1,137.00	0.00	85.50	5.98	0.00	91.48
S50U18	SE-00296	S	5	1,136.00	0.00	85.50	5.99	0.00	91.49
S50U18	SE-00297	S	1	1,136.60	0.00	17.10	1.20	0.00	18.30
S50U18	SE-00298	S	2	1,136.60	0.00	34.20	2.39	0.00	36.59
S50U18	SE-00299	S	2	1,136.60	0.00	34.20	2.39	0.00	36.59
S50U18	SE-00300	S	2	1,136.60	0.00	34.20	2.39	0.00	36.59
S50U18	SE-00301	S	2	1,136.60	0.00	34.20	2.39	0.00	36.59
S50U18	SE-00302	S	2	1,136.60	0.00	34.20	2.39	0.00	36.59
S50U18	SE-00303	S	2	1,136.60	0.00	34.20	2.39	0.00	36.59
S50U18	SE-00304	S	1	1,136.60	0.00	17.10	1.20	0.00	18.30
S50U18	SE-00305	S	1	1,136.60	0.00	17.10	1.20	0.00	18.30
S50U18	SE-00306	S	1	1,136.60	0.00	17.10	1.20	0.00	18.30
S50U18	SE-00307	S	1	1,136.60	0.00	17.10	1.20	0.00	18.30
S50U18	SE-00308	S	5	1,136.60	0.00	85.50	5.99	0.00	91.49
S50U18	SE-00309	S	5	1,136.60	0.00	85.50	5.99	0.00	91.49
S50U18	SE-00310	S	3	1,136.60	0.00	51.30	3.59	0.00	54.89
S50U18	BU-00311	B	5	1,135.60	0.00	85.50	5.99	0.00	91.49
S50U18	BU-00312	B	5	1,135.60	0.00	85.50	5.99	0.00	91.49
S50U18	BU-00313	B	5	1,135.60	0.00	85.50	5.99	0.00	91.49
S50U18	BU-00314	B	1	1,135.60	0.00	17.10	1.20	0.00	18.30
S50U18	BU-00315	B	1	1,135.60	0.00	17.10	1.20	0.00	18.30
S50U18	BU-00316	B	13	1,135.60	0.00	222.30	15.54	0.00	237.84
S50U18	SE-00761	S	2	1,131.00	0.00	34.20	2.39	0.00	36.59
S50U18	SE-00762	S	28	1,131.00	0.00	478.80	33.52	0.00	512.32
S50U18	BU-00763	B	19	1,137.00	0.00	324.90	22.74	0.00	347.64
S50U18	BU-00764	B	1	1,137.00	0.00	17.10	1.20	0.00	18.30
S50U18C1175	SH-00765	S	4	3.20	2,560.00	140.40	9.83	0.00	150.23
S50U18C1175	SH-00766	S	3	3.20	1,920.00	105.30	7.37	0.00	112.67
S50Z18C1200	SH-00771	S	3	12.00	7,200.00	105.30	7.37	0.00	112.67
S50Z18C1200	SH-00772	S	2	12.00	4,800.00	70.20	4.90	0.00	75.10
S50U18P1075	SE-00767	S	4	3.00	2,400.00	140.40	9.83	0.00	150.23
S50U18P1100	SH-00768	S	1	6.00	1,200.00	35.10	2.46	0.00	37.56
S50U18P1100	SH-00769	S	1	6.00	1,200.00	35.10	2.46	0.00	37.56
S50U18P1100	SH-00770	S	1	6.00	1,200.00	35.10	2.46	0.00	37.56
S50U18C1100	SH-00531	S	10	28.50	57,000.00	351.00	24.57	0.00	375.57
S50U18C1125	BU-00532	B	10	12.90	-25,800.00	351.00	24.57	0.00	375.57
S50U18P1075	SH-00533	S	5	3.30	3,300.00	175.50	12.29	0.00	187.79
S50U18P1075	SH-00534	S	5	3.30	3,300.00	175.50	12.29	0.00	187.79
S50U18P1075	SH-00535	S	10	3.30	6,600.00	351.00	24.57	0.00	375.57
S50U18P1100	SH-00536	S	2	7.00	2,800.00	70.20	4.91	0.00	75.11
S50U18P1100	SH-00537	S	3	7.00	4,200.00	105.30	7.37	0.00	112.67
S50U18P1100	SH-00538	S	1	7.00	1,400.00	35.10	2.46	0.00	37.56
S50U18P1100	SH-00539	S	14	7.00	19,600.00	491.40	34.40	0.00	525.80
S50U18P1100	BH-00540	B	5	7.00	-7,000.00	175.50	12.29	0.00	187.79
S50U18P1100	BH-00541	B	10	7.00	-14,000.00	351.00	24.57	0.00	375.57
S50U18P1100	BH-00542	B	5	7.00	-7,000.00	175.50	12.29	0.00	187.79
S50U18P1125	BU-00543	B	1	16.10	-3,220.00	35.10	2.46	0.00	37.56
S50U18P1125	BU-00544	B	1	16.10	-3,220.00	35.10	2.46	0.00	37.56
S50U18P1125	BU-00545	B	1	16.10	-3,220.00	35.10	2.46	0.00	37.56
S50U18P1125	BU-00546	B	1	16.10	-3,220.00	35.10	2.46	0.00	37.56
S50U18P1125	BU-00547	B	1	16.10	-3,220.00	35.10	2.46	0.00	37.56
S50U18P1125	BU-00548	B	1	16.10	-3,220.00	35.10	2.46	0.00	37.56
S50U18P1125	BU-00549	B	14	16.10	-45,080.00	491.40	34.36	0.00	525.76
S50U18	BU-00433	B	1	1,105.50	0.00	17.10	1.20	0.00	18.30
S50U18	BU-00434	B	1	1,105.50	0.00	17.10	1.20	0.00	18.30
S50U18	BU-00435	B	3	1,105.50	0.00	51.30	3.59	0.00	54.89
S50U18	BU-00436	B	1	1,105.50	0.00	17.10	1.20	0.00	18.30
S50Z18	SH-00437	S	1	1,109.50	0.00	17.10	1.20	0.00	18.30
S50Z18	SH-00438	S	4	1,109.50	0.00	68.40	4.79	0.00	73.19
S50Z18	SH-00439	S	5	1,112.00	0.00	85.50	5.97	0.00	91.47
S50Z18C1125	SH-00440	S	15	25.80	77,400.00	526.50	36.86	0.00	563.36
S50U18	BU-00750	B	5	1,088.50	0.00	85.50	5.99	0.00	91.49
S50Z18	BH-00753	B	2	1,109.50	0.00	34.20	2.39	0.00	36.59
S50Z18	BH-00754	B	1	1,109.50	0.00	17.10	1.20	0.00	18.30
S50Z18	BH-00755	B	1	1,109.50	0.00	17.10	1.20	0.00	18.30
S50Z18	BH-00756	B	1	1,109.50	0.00	17.10	1.19	0.00	18.29
S50U18P1075	BH-00751	B	13	5.50	-14,300.00	456.30	31.94	0.00	488.24
S50U18P1075	BH-00752	B	1	5.50	-1,100.00	35.10	2.46	0.00	37.56
S50U18	SE-00773	S	5	1,118.00	0.00	85.50	5.99	0.00	91.49
S50U18	SE-00774	S	11	1,118.00	0.00	188.10	13.17	0.00	201.27
S50U18	SE-00775	S	4	1,118.00	0.00	68.40	4.79	0.00	73.19
S50U18	BU-00776	B	7	1,121.90	0.00	119.70	8.38	0.00	128.08
S50U18	BU-00777	B	1	1,121.90	0.00	17.10	1.20	0.00	18.30
S50U18	BU-00778	B	2	1,121.90	0.00	34.20	2.39	0.00	36.59
S50U18	BU-00779	B	10	1,121.90	0.00	171.00	11.97	0.00	182.97
S50U18	SE-00780	S	18	1,122.10	0.00	307.80	21.55	0.00	329.35
S50U18	SE-00781	S	1	1,122.10	0.00	17.10	1.20	0.00	18.30
S50U18	SE-00782	S	1	1,122.10	0.00	17.10	1.20	0.00	18.30
S50U18	BU-00783	B	2	1,135.70	0.00	34.20	2.39	0.00	36.59
S50U18	BU-00784	B	2	1,135.70	0.00	34.20	2.39	0.00	36.59
S50U18	BU-00785	B	3	1,135.70	0.00	51.30	3.59	0.00	54.89
S50U18	BU-00786	B	2	1,135.70	0.00	34.20	2.39	0.00	36.59
S50U18	BU-00787	B	5	1,135.70	0.00	85.50	5.99	0.00	91.49
S50U18	BU-00788	B	2	1,135.70	0.00	34.20	2.39	0.00	36.59
S50U18	BU-00789	B	1	1,135.70	0.00	17.10	1.20	0.00	18.30
S50U18	BU-00790	B	1	1,135.70	0.00	17.10	1.20	0.00	18.30
S50U18	BU-00791	B	1	1,135.70	0.00	17.10	1.20	0.00	18.30
S50U18	BU-00792	B	1	1,135.70	0.00	17.10	1.20	0.00	18.30
S50U18	BU-00793	B	7	1,136.70	0.00	119.70	8.38	0.00	128.08
S50U18	BU-00794	B	3	1,136.80	0.00	51.30	3.59	0.00	54.89
S50U18	BU-00795	B	3	1,136.80	0.00	51.30	3.59	0.00	54.89
S50U18	BU-00796	B	1	1,136.80	0.00	17.10	1.20	0.00	18.30
S50U18	BU-00797	B	1	1,136.80	0.00	17.10	1.20	0.00	18.30
S50U18	BU-00798	B	3	1,136.80	0.00	51.30	3.59	0.00	54.89
S50Z18	BH-00801	B	5	1,120.50	0.00	85.50	5.99	0.00	91.49
S50Z18	SH-00802	S	5	1,121.00	0.00	85.50	5.99	0.00	91.49
S50Z18	BH-00803	B	1	1,135.50	0.00	17.10	1.20	0.00	18.30
S50Z18	BH-00804	B	9	1,135.50	0.00	153.90	10.74	0.00	164.64
S50U18P1100	BU-00799	B	8	5.00	-8,000.00	280.80	19.66	0.00	300.46
S50U18P1100	BU-00800	B	12	5.00	-12,000.00	421.20	29.48	0.00	450.68
S50U18	SE-00600	S	1	1,138.70	0.00	17.10	1.20	0.00	18.30
S50U18	SE-00601	S	4	1,138.70	0.00	68.40	4.79	0.00	73.19
S50U18	SE-00602	S	2	1,136.60	0.00	34.20	2.39	0.00	36.59
S50U18	SE-00603	S	12	1,136.50	0.00	205.20	14.36	0.00	219.56
S50U18	SE-00604	S	1	1,136.50	0.00	17.10	1.20	0.00	18.30
S50U18	SE-00605	S	1	1,136.50	0.00	17.10	1.20	0.00	18.30
S50U18	SE-00606	S	1	1,136.50	0.00	17.10	1.20	0.00	18.30
S50U18	SE-00607	S	3	1,136.50	0.00	51.30	3.59	0.00	54.89
S50U18	SH-00608	S	11	1,136.50	0.00	188.10	13.17	0.00	201.27
S50U18	SH-00609	S	1	1,136.50	0.00	17.10	1.20	0.00	18.30
S50U18	SH-00610	S	7	1,136.50	0.00	119.70	8.38	0.00	128.08
S50U18	SH-00611	S	1	1,136.50	0.00	17.10	1.20	0.00	18.30
S50U18	SH-00612	S	10	1,137.00	0.00	171.00	11.97	0.00	182.97
S50U18	BU-00613	B	6	1,139.00	0.00	102.60	7.18	0.00	109.78
S50U18	BU-00614	B	1	1,139.00	0.00	17.10	1.20	0.00	18.30
S50U18	BU-00615	B	20	1,139.00	0.00	342.00	23.94	0.00	365.94
S50U18	BU-00616	B	1	1,139.00	0.00	17.10	1.20	0.00	18.30
S50U18	BU-00617	B	5	1,139.00	0.00	85.50	5.99	0.00	91.49
S50U18	BU-00618	B	1	1,139.00	0.00	17.10	1.20	0.00	18.30
S50U18	BU-00619	B	10	1,139.00	0.00	171.00	11.97	0.00	182.97
S50U18	BU-00620	B	1	1,139.00	0.00	17.10	1.20	0.00	18.30
S50U18	BU-00621	B	2	1,139.00	0.00	34.20	2.39	0.00	36.59
S50U18	BU-00622	B	3	1,139.00	0.00	51.30	3.59	0.00	54.89
S50U18	SH-00623	S	33	1,141.00	0.00	564.30	39.50	0.00	603.80
S50U18	SH-00624	S	1	1,141.00	0.00	17.10	1.20	0.00	18.30
S50U18	SH-00625	S	10	1,141.00	0.00	171.00	11.97	0.00	182.97
S50U18	SH-00626	S	5	1,141.00	0.00	85.50	5.99	0.00	91.49
S50U18	SH-00627	S	1	1,141.00	0.00	17.10	1.20	0.00	18.30
S50Z18	BU-00628	B	1	1,135.90	0.00	17.10	1.20	0.00	18.30
S50Z18	BU-00629	B	4	1,135.90	0.00	68.40	4.79	0.00	73.19
S50Z18	SE-00630	S	3	1,138.00	0.00	51.30	3.59	0.00	54.89
S50Z18	SE-00631	S	1	1,138.00	0.00	17.10	1.20	0.00	18.30
S50Z18	SE-00632	S	1	1,138.00	0.00	17.10	1.16	0.00	18.26
S50U18	BU-00748	B	6	1,125.20	0.00	102.60	7.18	0.00	109.78
S50U18	BU-00803	B	5	1,126.50	0.00	85.50	5.99	0.00	91.49
S50U18	BU-00804	B	1	1,126.50	0.00	17.10	1.20	0.00	18.30
S50U18	BU-00805	B	4	1,126.50	0.00	68.40	4.79	0.00	73.19
S50U18	SH-00806	S	11	1,131.10	0.00	188.10	13.17	0.00	201.27
S50U18	SH-00807	S	2	1,131.00	0.00	34.20	2.39	0.00	36.59
S50U18	SH-00808	S	5	1,131.00	0.00	85.50	5.99	0.00	91.49
S50U18	SH-00809	S	1	1,131.00	0.00	17.10	1.20	0.00	18.30
S50U18	SH-00810	S	1	1,131.00	0.00	17.10	1.20	0.00	18.30
S50U18	BU-00811	B	5	1,133.30	0.00	85.50	5.99	0.00	91.49
S50U18	BU-00812	B	1	1,133.30	0.00	17.10	1.20	0.00	18.30
S50U18	BU-00813	B	14	1,133.30	0.00	239.40	16.76	0.00	256.16
S50U18	SH-00814	S	1	1,133.20	0.00	17.10	1.20	0.00	18.30
S50U18	SH-00815	S	5	1,133.20	0.00	85.50	5.99	0.00	91.49
S50U18	SH-00816	S	8	1,133.20	0.00	136.80	9.58	0.00	146.38
S50U18	SH-00817	S	1	1,133.20	0.00	17.10	1.20	0.00	18.30
S50U18	SH-00818	S	1	1,133.20	0.00	17.10	1.20	0.00	18.30
S50U18	SH-00819	S	1	1,133.20	0.00	17.10	1.20	0.00	18.30
S50U18	SH-00820	S	1	1,133.20	0.00	17.10	1.20	0.00	18.30
S50U18	SH-00821	S	1	1,133.20	0.00	17.10	1.20	0.00	18.30
S50U18	SH-00822	S	1	1,133.20	0.00	17.10	1.20	0.00	18.30
S50U18	BU-00823	B	12	1,133.30	0.00	205.20	14.36	0.00	219.56
S50U18	BU-00824	B	8	1,133.30	0.00	136.80	9.58	0.00	146.38
S50U18	SH-00825	S	20	1,133.50	0.00	342.00	23.94	0.00	365.94
S50U18	BU-00826	B	5	1,133.60	0.00	85.50	5.99	0.00	91.49
S50U18	BU-00827	B	6	1,133.60	0.00	102.60	7.18	0.00	109.78
S50U18	BU-00828	B	1	1,133.60	0.00	17.10	1.20	0.00	18.30
S50U18	BU-00829	B	5	1,133.60	0.00	85.50	5.99	0.00	91.49
S50U18	BU-00830	B	1	1,133.60	0.00	17.10	1.20	0.00	18.30
S50U18	BU-00831	B	1	1,133.60	0.00	17.10	1.20	0.00	18.30
S50U18	BU-00832	B	1	1,133.60	0.00	17.10	1.20	0.00	18.30
S50U18	SH-00833	S	4	1,141.00	0.00	68.40	4.79	0.00	73.19
S50U18	SH-00834	S	7	1,141.00	0.00	119.70	8.38	0.00	128.08
S50U18	SH-00835	S	1	1,141.00	0.00	17.10	1.20	0.00	18.30
S50U18	SH-00836	S	1	1,141.00	0.00	17.10	1.20	0.00	18.30
S50U18	SH-00837	S	1	1,141.00	0.00	17.10	1.20	0.00	18.30
S50U18	SH-00838	S	6	1,141.00	0.00	102.60	7.18	0.00	109.78
S50U18	BU-00839	B	20	1,141.00	0.00	342.00	23.94	0.00	365.94
S50U18	SH-00840	S	5	1,142.00	0.00	85.50	5.99	0.00	91.49
S50U18	SH-00841	S	15	1,142.00	0.00	256.50	17.96	0.00	274.46
S50U18	BU-00842	B	20	1,142.50	0.00	342.00	23.94	0.00	365.94
S50U18	BU-00843	B	6	1,148.00	0.00	102.60	7.18	0.00	109.78
S50U18	BU-00844	B	1	1,148.00	0.00	17.10	1.20	0.00	18.30
S50U18	BU-00845	B	13	1,148.00	0.00	222.30	15.56	0.00	237.86
S50U18	SE-00846	S	1	1,152.80	0.00	17.10	1.20	0.00	18.30
S50U18	SE-00847	S	1	1,152.80	0.00	17.10	1.20	0.00	18.30
S50Z18	SH-00868	S	8	1,131.60	0.00	136.80	9.58	0.00	146.38
S50Z18	SH-00869	S	1	1,131.60	0.00	17.10	1.20	0.00	18.30
S50Z18	SH-00870	S	1	1,131.60	0.00	17.10	1.20	0.00	18.30
S50Z18	SH-00871	S	10	1,131.60	0.00	171.00	11.97	0.00	182.97
S50Z18	BH-00872	B	20	1,131.90	0.00	342.00	23.82	0.00	365.82
S50U18C1100	BH-00848	B	3	40.00	-24,000.00	105.30	7.37	0.00	112.67
S50U18C1100	BH-00849	B	1	43.00	-8,600.00	35.10	2.46	0.00	37.56
S50U18C1100	BH-00850	B	6	43.00	-51,600.00	210.60	14.74	0.00	225.34
S50U18C1100	BU-00851	B	1	43.40	-8,680.00	35.10	2.46	0.00	37.56
S50U18C1100	BH-00852	B	1	45.00	-9,000.00	35.10	2.46	0.00	37.56
S50U18C1150	BH-00853	B	3	9.00	-5,400.00	105.30	7.37	0.00	112.67
S50U18C1150	BH-00854	B	3	9.00	-5,400.00	105.30	7.37	0.00	112.67
S50U18C1175	BH-00855	B	1	3.10	-620.00	35.10	2.46	0.00	37.56
S50U18C1175	BH-00856	B	19	3.20	-12,160.00	666.90	46.68	0.00	713.58
S50U18C1200	BH-00857	B	4	0.60	-480.00	140.40	9.83	0.00	150.23
S50U18C1200	BH-00858	B	1	0.60	-120.00	35.10	2.46	0.00	37.56
S50U18P1100	SE-00859	S	3	2.20	1,320.00	105.30	7.37	0.00	112.67
S50U18P1100	SE-00860	S	7	2.20	3,080.00	245.70	17.20	0.00	262.90
S50U18P1100	SH-00861	S	1	1.80	360.00	35.10	2.46	0.00	37.56
S50U18P1125	SE-00862	S	2	5.70	2,280.00	70.20	4.91	0.00	75.11
S50U18P1125	SE-00863	S	2	5.50	2,200.00	70.20	4.91	0.00	75.11
S50U18P1125	SE-00864	S	5	4.60	4,600.00	175.50	12.29	0.00	187.79
S50U18P1125	SE-00865	S	4	4.00	3,200.00	140.40	9.83	0.00	150.23
S50U18P1125	SE-00866	S	2	4.00	1,600.00	70.20	4.91	0.00	75.11
S50U18P1125	SE-00867	S	2	4.00	1,600.00	70.20	4.91	0.00	75.11
S50U18	SE-00624	S	2	1,156.50	0.00	34.20	2.39	0.00	36.59
S50U18	SE-00625	S	2	1,156.50	0.00	34.20	2.39	0.00	36.59
S50U18	SE-00626	S	1	1,156.50	0.00	17.10	1.20	0.00	18.30
S50U18	SH-00627	S	6	1,167.00	0.00	102.60	7.18	0.00	109.78
S50U18	SH-00628	S	1	1,167.00	0.00	17.10	1.20	0.00	18.30
S50U18	SH-00629	S	4	1,162.50	0.00	68.40	4.79	0.00	73.19
S50U18	SH-00630	S	2	1,162.50	0.00	34.20	2.39	0.00	36.59
S50U18	SH-00631	S	1	1,162.50	0.00	17.10	1.20	0.00	18.30
S50U18	SH-00632	S	1	1,162.50	0.00	17.10	1.20	0.00	18.30
S50U18	SH-00633	S	2	1,162.50	0.00	34.20	2.39	0.00	36.59
S50U18	SH-00634	S	20	1,162.50	0.00	342.00	23.94	0.00	365.94
S50U18P1150	BH-00487	B	5	4.10	-4,100.00	175.50	12.29	0.00	187.79
S50U18	SH-00634	B	20	1,160.70	0.00	342.00	23.94	0.00	365.94
S50U18	SH-00634	S	20	1,160.80	0.00	342.00	23.94	0.00	365.94
S50U18	SH-00634	B	30	1,162.3	0.00	342.00	23.94	0.00	365.94
S50U18	SH-00634	B	60	1,163	0.00	342.00	23.94	0.00	365.94
S50U18	SH-00634	S	60	1,160.80	0.00	342.00	23.94	0.00	365.94
S50U18	SH-00634	B	10	1,161.90	0.00	342.00	23.94	0.00	365.94
S50Z18	SH-00634	B	10	1,162.70	0.00	342.00	23.94	0.00	365.94
S50U18	BU-00588	B	1	1,160.70	0.00	17.10	1.20	0.00	18.30
S50U18	BU-00589	B	1	1,160.70	0.00	17.10	1.20	0.00	18.30
S50U18	BU-00590	B	3	1,160.70	0.00	51.30	3.59	0.00	54.89
S50U18	BU-00591	B	1	1,160.70	0.00	17.10	1.20	0.00	18.30
S50U18	BU-00592	B	1	1,160.70	0.00	17.10	1.20	0.00	18.30
S50U18	BU-00593	B	3	1,160.70	0.00	51.30	3.59	0.00	54.89
S50U18	BU-00594	B	10	1,160.70	0.00	171.00	11.97	0.00	182.97
S50U18	SH-00595	S	1	1,160.80	0.00	17.10	1.20	0.00	18.30
S50U18	SH-00596	S	9	1,160.80	0.00	153.90	10.77	0.00	164.67
S50U18	SH-00597	S	10	1,160.80	0.00	171.00	11.97	0.00	182.97
S50U18	BU-00598	B	2	1,162.30	0.00	34.20	2.39	0.00	36.59
S50U18	BU-00599	B	2	1,162.30	0.00	34.20	2.39	0.00	36.59
S50U18	BU-00600	B	6	1,162.30	0.00	102.60	7.18	0.00	109.78
S50U18	BU-00601	B	19	1,162.30	0.00	324.90	22.74	0.00	347.64
S50U18	BU-00602	B	1	1,162.30	0.00	17.10	1.20	0.00	18.30
S50U18	BU-00603	B	43	1,163.00	0.00	735.30	51.47	0.00	786.77
S50U18	BU-00604	B	5	1,163.00	0.00	85.50	5.99	0.00	91.49
S50U18	BU-00605	B	6	1,163.00	0.00	102.60	7.18	0.00	109.78
S50U18	BU-00606	B	1	1,163.00	0.00	17.10	1.20	0.00	18.30
S50U18	BU-00607	B	1	1,163.00	0.00	17.10	1.20	0.00	18.30
S50U18	BU-00608	B	3	1,163.00	0.00	51.30	3.59	0.00	54.89
S50U18	BU-00609	B	1	1,163.00	0.00	17.10	1.20	0.00	18.30
S50U18	SE-00610	S	3	1,160.80	0.00	51.30	3.59	0.00	54.89
S50U18	SE-00611	S	2	1,160.80	0.00	34.20	2.39	0.00	36.59
S50U18	SE-00612	S	50	1,160.80	0.00	855.00	59.85	0.00	914.85
S50U18	SE-00613	S	5	1,160.80	0.00	85.50	5.99	0.00	91.49
S50U18	BU-00614	B	1	1,161.90	0.00	17.10	1.20	0.00	18.30
S50U18	BU-00615	B	3	1,161.90	0.00	51.30	3.59	0.00	54.89
S50U18	BU-00616	B	6	1,161.90	0.00	102.60	7.18	0.00	109.78
S50U18	SE-00617	S	7	1,162.70	0.00	119.70	8.38	0.00	128.08
S50U18	SE-00618	S	1	1,162.70	0.00	17.10	1.20	0.00	18.30
S50U18	SE-00619	S	5	1,162.70	0.00	85.50	5.99	0.00	91.49
S50U18P1175	SE-00620	S	1	17.00	3,400.00	35.10	2.46	0.00	37.56
S50U18P1175	SE-00621	S	1	17.00	3,400.00	35.10	2.46	0.00	37.56
S50U18P1175	SE-00622	S	6	16.60	19,920.00	210.60	14.74	0.00	225.34
S50U18P1175	SE-00623	S	10	16.60	33,200.00	351.00	24.57	0.00	375.57
S50U18P1175	SE-00624	S	1	16.50	3,300.00	35.10	2.46	0.00	37.56
S50U18P1175	SE-00625	S	1	16.50	3,300.00	35.10	2.46	0.00	37.56   21092018

