Series	Contract No.	BuySell	Contract	Price	Premium Amount	Brokerage Fee	VAT	WH	Charge Amount   Date   
S50Z18	SH-00933	S	5	1,039.80	0	85.5	5.99	0	91.49
S50Z18	SH-00934	S	4	1,039.80	0	68.4	4.79	0	73.19
S50Z18	SH-00935	S	5	1,039.80	0	85.5	5.99	0	91.49
S50Z18	SH-00936	S	10	1,039.80	0	171	11.97	0	182.97
S50Z18	SH-00937	S	1	1,039.80	0	17.1	1.2	0	18.3
S50Z18	SH-00938	S	5	1,039.80	0	85.5	5.99	0	91.49
S50Z18	BH-00939	B	1	1,041.50	0	17.1	1.2	0	18.3
S50Z18	BH-00940	B	5	1,041.50	0	85.5	5.99	0	91.49
S50Z18	BH-00941	B	5	1,041.50	0	85.5	5.99	0	91.49
S50Z18	BH-00942	B	1	1,041.50	0	17.1	1.2	0	18.3
S50Z18	BH-00943	B	10	1,041.50	0	171	11.97	0	182.97
S50Z18	BH-00944	B	8	1,041.50	0	136.8	9.58	0	146.38
S50Z18	SH-00945	S	20	1,040.70	0	342	23.94	0	365.94
S50Z18	SH-00946	S	10	1,040.70	0	171	11.91	0	182.91
S50Z18	BH-00891	B	1	1,043.00	0	17.1	1.2	0	18.3
S50Z18	BH-00892	B	6	1,043.00	0	102.6	7.18	0	109.78
S50Z18	BH-00893	B	10	1,043.00	0	171	11.97	0	182.97
S50Z18	BH-00894	B	1	1,043.00	0	17.1	1.2	0	18.3
S50Z18	BH-00895	B	5	1,043.00	0	85.5	5.99	0	91.49
S50Z18	BH-00896	B	1	1,043.00	0	17.1	1.2	0	18.3
S50Z18	BH-00897	B	1	1,043.00	0	17.1	1.2	0	18.3
S50Z18	BH-00898	B	2	1,043.00	0	34.2	2.39	0	36.59
S50Z18	BH-00899	B	1	1,043.00	0	17.1	1.2	0	18.3
S50Z18	BH-00900	B	2	1,043.00	0	34.2	2.38	0	36.58
S50Z18	BU-00533	B	5	1,072.00	0	85.5	5.99	0	91.49
S50Z18	SE-00534	S	5	1,066.70	0	85.5	5.97	0	91.47
S50Z18	SH-00596	S	4	1,124.50	0	68.4	4.79	0	73.19
S50Z18	SH-00597	S	1	1,124.50	0	17.1	1.18	0	18.28
S50Z18	SH-00437	S	1	1,109.50	0	17.1	1.2	0	18.3
S50Z18	SH-00438	S	4	1,109.50	0	68.4	4.79	0	73.19
S50Z18	SH-00439	S	5	1,112.00	0	85.5	5.97	0	91.47
S50Z18	BH-00753	B	2	1,109.50	0	34.2	2.39	0	36.59
S50Z18	BH-00754	B	1	1,109.50	0	17.1	1.2	0	18.3
S50Z18	BH-00755	B	1	1,109.50	0	17.1	1.2	0	18.3
S50Z18	BH-00756	B	1	1,109.50	0	17.1	1.19	0	18.29
S50Z18	BH-00801	B	5	1,120.50	0	85.5	5.99	0	91.49
S50Z18	SH-00802	S	5	1,121.00	0	85.5	5.99	0	91.49
S50Z18	BH-00803	B	1	1,135.50	0	17.1	1.2	0	18.3
S50Z18	BH-00804	B	9	1,135.50	0	153.9	10.74	0	164.64
S50Z18	BU-00628	B	1	1,135.90	0	17.1	1.2	0	18.3
S50Z18	BU-00629	B	4	1,135.90	0	68.4	4.79	0	73.19
S50Z18	SE-00630	S	3	1,138.00	0	51.3	3.59	0	54.89
S50Z18	SE-00631	S	1	1,138.00	0	17.1	1.2	0	18.3
S50Z18	SE-00632	S	1	1,138.00	0	17.1	1.16	0	18.26
S50Z18	SH-00868	S	8	1,131.60	0	136.8	9.58	0	146.38
S50Z18	SH-00869	S	1	1,131.60	0	17.1	1.2	0	18.3
S50Z18	SH-00870	S	1	1,131.60	0	17.1	1.2	0	18.3
S50Z18	SH-00871	S	10	1,131.60	0	171	11.97	0	182.97
S50Z18	BH-00872	B	20	1,131.90	0	342	23.82	0	365.82  18092018
S50Z18C1125	BU-00598	B	5	36	-36,000.00	175.5	12.29	0	187.79
S50Z18C1125	SH-00440	S	15	25.8	77,400.00	526.5	36.86	0	563.36
S50Z18C1200	SH-00771	S	3	12	7,200.00	105.3	7.37	0	112.67
S50Z18C1200	SH-00772	S	2	12	4,800.00	70.2	4.9	0	75.1
S50Z18P1125	SH-00599	S	1	37.3	7,460.00	35.1	2.46	0	37.56
S50Z18P1125	SH-00600	S	3	37.2	22,320.00	105.3	7.37	0	112.67
S50Z18P1125	SH-00601	S	1	37.2	7,440.00	35.1	2.45	0	37.55
S50Z18	BU-00626	B	10	1,162.70	0.00	171.00	11.95	0.00	182.95  
S50Z18C1175	SH-00627	S	1	26.00	5,200.00	35.10	2.45	0.00	37.5
S50Z18	BU-00506	B	5	1,156.00	0.00	85.50	5.99	0.00	91.49
S50Z18P1150	SH-00507	S	5	30.00	30,000.00	175.50	12.29	0.00	187.79
S50Z18	SH-00530	S	6	1,161.00	0.00	102.60	7.18	0.00	109.78
S50Z18	SH-00531	S	5	1,161.00	0.00	85.50	5.99	0.00	91.49
S50Z18	SH-00532	S	5	1,161.00	0.00	85.50	5.99	0.00	91.49
S50Z18	SH-00533	S	4	1,161.00	0.00	68.40	4.78	0.00	73.18
S50Z18C1150	SH-00534	S	1	39.50	7,900.00	35.10	2.46	0.00	37.56   25092018
S50Z18	BH-01066	B	5	1,148.00	0.00	85.50	5.99	0.00	91.49
S50Z18	SH-01067	S	4	1,155.50	0.00	68.40	4.79	0.00	73.19
S50Z18	SH-01068	S	1	1,155.50	0.00	17.10	1.20	0.00	18.30
S50Z18	SH-01069	S	5	1,159.00	0.00	85.50	5.99	0.00	91.49
S50Z18P1075	SH-01070	S	3	8.00	4,800.00	105.30	7.37	0.00	112.67
S50Z18P1150	SH-01071	S	1	32.50	6,500.00	35.10	2.46	0.00	37.56
S50Z18	BH-00280	B	10	1,164.00	0.00	171.00	11.97	0.00	182.97
S50Z18	BU-00281	B	10	1,164.50	0.00	171.00	11.97	0.00	182.97
S50Z18	BU-00674	B	5	1,157.00	0.00	85.50	5.99	0.00	91.49
S50Z18	BU-00675	B	2	1,150.00	0.00	34.20	2.39	0.00	36.59
S50Z18	BU-00676	B	3	1,150.00	0.00	51.30	3.59	0.00	54.89
S50Z18P1000	SH-00677	S	5	2.00	2,000.00	175.50	12.29	0.00	187.79  02102018
S50Z18P1150	SH-00540	S	1	35.00	7,000.00	35.10	2.46	0.00	37.56   04102018
S50Z18	BU-00847	B	3	1,128.30	0.00	51.30	3.59	0.00	54.89
S50Z18	BU-00848	B	2	1,128.30	0.00	34.20	2.39	0.00	36.59
S50Z18	BU-00849	B	1	1,129.30	0.00	17.10	1.20	0.00	18.30
S50Z18	BU-00850	B	5	1,129.30	0.00	85.50	5.99	0.00	91.49
S50Z18	BU-00851	B	9	1,129.30	0.00	153.90	10.77	0.00	164.67  08102018
S50Z18	SE-00676	S	2	1,129.10	0.00	34.20	2.39	0.00	36.59
S50Z18	SE-00677	S	5	1,129.10	0.00	85.50	5.99	0.00	91.49
S50Z18	SE-00678	S	3	1,129.10	0.00	51.30	3.59	0.00	54.89
S50Z18C1125	SH-00679	S	5	27.00	27,000.00	175.50	12.29	0.00	187.79
S50Z18C1125	SH-00680	S	5	27.00	27,000.00	175.50	12.29	0.00	187.79
S50Z18C1150	SH-00681	S	1	19.00	3,800.00	35.10	2.46	0.00	37.56
S50Z18C1150	SH-00682	S	1	19.00	3,800.00	35.10	2.46	0.00	37.56
S50Z18C1150	SH-00683	S	1	19.00	3,800.00	35.10	2.46	0.00	37.56
S50Z18C1150	SH-00684	S	1	19.00	3,800.00	35.10	2.46	0.00	37.56
S50Z18C1150	SH-00685	S	1	19.00	3,800.00	35.10	2.44	0.00	37.54   10102018
S50Z18	BU-00843	B	10	1,092.10	0.00	171.00	11.97	0.00	182.97  11102018
S50Z18	SE-00506	S	13	1,113.00	0.00	222.30	15.56	0.00	237.86
S50Z18	SE-00507	S	2	1,113.00	0.00	34.20	2.39	0.00	36.59
S50Z18	SE-00508	S	5	1,113.00	0.00	85.50	5.99	0.00	91.49   12102018
S50Z18	SE-00311	S	3	1,091.50	0.00	51.30	3.59	0.00	54.89
S50Z18	SE-00312	S	17	1,091.50	0.00	290.70	20.35	0.00	311.05
S50Z18	SH-00313	S	13	1,093.00	0.00	222.30	15.56	0.00	237.86
S50Z18	SH-00314	S	2	1,093.00	0.00	34.20	2.39	0.00	36.59
S50Z18	SH-00315	S	1	1,093.00	0.00	17.10	1.20	0.00	18.30
S50Z18	SH-00316	S	10	1,093.00	0.00	171.00	11.97	0.00	182.97
S50Z18	SH-00317	S	2	1,093.00	0.00	34.20	2.39	0.00	36.59
S50Z18	SH-00318	S	1	1,093.00	0.00	17.10	1.20	0.00	18.30
S50Z18	SH-00319	S	12	1,093.00	0.00	205.20	14.36	0.00	219.56
S50Z18	SH-00320	S	1	1,093.00	0.00	17.10	1.20	0.00	18.30
S50Z18	SH-00321	S	8	1,093.00	0.00	136.80	9.58	0.00	146.38
S50Z18	BH-00322	B	2	1,093.80	0.00	34.20	2.39	0.00	36.59
S50Z18	BH-00323	B	1	1,093.80	0.00	17.10	1.20	0.00	18.30
S50Z18	BH-00324	B	2	1,093.80	0.00	34.20	2.39	0.00	36.59
S50Z18	BH-00325	B	1	1,093.80	0.00	17.10	1.20	0.00	18.30
S50Z18	BH-00326	B	2	1,093.80	0.00	34.20	2.39	0.00	36.59
S50Z18	BH-00327	B	9	1,093.80	0.00	153.90	10.77	0.00	164.67
S50Z18	BH-00328	B	1	1,093.80	0.00	17.10	1.20	0.00	18.30
S50Z18	BH-00329	B	32	1,093.80	0.00	547.20	38.30	0.00	585.50
S50Z18	BU-00330	B	8	1,093.90	0.00	136.80	9.58	0.00	146.38
S50Z18	BU-00331	B	1	1,093.90	0.00	17.10	1.20	0.00	18.30
S50Z18	BU-00332	B	11	1,093.90	0.00	188.10	13.17	0.00	201.27
S50Z18	BU-00333	B	20	1,093.70	0.00	342.00	23.94	0.00	365.94
S50Z18	BU-00334	B	10	1,093.70	0.00	171.00	11.97	0.00	182.97
S50Z18	SE-00335	S	2	1,093.80	0.00	34.20	2.39	0.00	36.59
S50Z18	SE-00336	S	10	1,093.80	0.00	171.00	11.97	0.00	182.97
S50Z18	SE-00337	S	1	1,093.80	0.00	17.10	1.20	0.00	18.30
S50Z18	SE-00338	S	1	1,093.80	0.00	17.10	1.20	0.00	18.30
S50Z18	SE-00339	S	13	1,093.80	0.00	222.30	15.56	0.00	237.86
S50Z18	SE-00340	S	1	1,093.80	0.00	17.10	1.20	0.00	18.30
S50Z18	SE-00341	S	1	1,093.80	0.00	17.10	1.20	0.00	18.30
S50Z18	SE-00342	S	1	1,093.80	0.00	17.10	1.20	0.00	18.30
S50Z18	SE-00343	S	4	1,093.80	0.00	68.40	4.79	0.00	73.19
S50Z18	SE-00344	S	2	1,093.80	0.00	34.20	2.39	0.00	36.59
S50Z18	SE-00345	S	14	1,093.80	0.00	239.40	16.76	0.00	256.16
S50Z18	SH-00346	S	5	1,098.20	0.00	85.50	5.98	0.00	91.48   22102018
S50Z18	BH-00775	B	5	1,082.00	0.00	85.50	5.99	0.00	91.49
S50Z18	BU-00776	B	1	1,072.00	0.00	17.10	1.19	0.00	18.29
S50Z18P1075	SH-00777	S	2	30.00	12,000.00	70.20	4.91	0.00	75.11   24102018
S50Z18	BU-00843	B	2	1,052.50	0.00	34.20	2.39	0.00	36.59
S50Z18	BU-00844	B	1	1,052.50	0.00	17.10	1.20	0.00	18.30
S50Z18	BU-00845	B	2	1,052.50	0.00	34.20	2.39	0.00	36.59
S50Z18	SE-00846	S	6	1,072.00	0.00	102.60	7.18	0.00	109.78
S50Z18	SH-00847	S	5	1,072.00	0.00	85.50	5.99	0.00	91.49
S50Z18	SH-00848	S	5	1,078.00	0.00	85.50	5.99	0.00	91.49
S50Z18C1100	SH-00849	S	5	21.50	21,500.00	175.50	12.29	0.00	187.79  25102018
S50Z18	BH-00496	B	2	1,073.90	0.00	34.20	2.39	0.00	36.59
S50Z18	BH-00497	B	1	1,073.90	0.00	17.10	1.20	0.00	18.30
S50Z18	BH-00498	B	1	1,073.90	0.00	17.10	1.20	0.00	18.30
S50Z18	BH-00499	B	1	1,073.90	0.00	17.10	1.20	0.00	18.30
S50Z18	BH-00500	B	5	1,074.00	0.00	85.50	5.99	0.00	91.49
S50Z18	BU-00501	B	10	1,071.50	0.00	171.00	11.97	0.00	182.97
S50Z18	BU-00502	B	10	1,069.00	0.00	171.00	11.97	0.00	182.97
S50Z18	SE-00503	S	1	1,070.00	0.00	17.10	1.20	0.00	18.30
S50Z18	SE-00504	S	1	1,070.00	0.00	17.10	1.20	0.00	18.30
S50Z18	SE-00505	S	1	1,070.00	0.00	17.10	1.20	0.00	18.30
S50Z18	SE-00506	S	1	1,070.00	0.00	17.10	1.20	0.00	18.30
S50Z18	SE-00507	S	1	1,070.00	0.00	17.10	1.20	0.00	18.30
S50Z18	SE-00508	S	1	1,070.00	0.00	17.10	1.20	0.00	18.30
S50Z18	SE-00509	S	9	1,070.00	0.00	153.90	10.77	0.00	164.67
S50Z18	BU-00510	B	5	1,064.00	0.00	85.50	5.96	0.00	91.46   26102018
S50Z18	SE-00354	S	5	1,073.00	0.00	85.50	5.99	0.00	91.49
S50Z18	SE-00355	S	2	1,080.30	0.00	34.20	2.39	0.00	36.59
S50Z18	SE-00356	S	3	1,080.20	0.00	51.30	3.59	0.00	54.89   29102018
S50Z18	BU-00349	B	5	1,076.00	0.00	85.50	5.99	0.00	91.49
S50Z18	SE-00350	S	1	1,076.40	0.00	17.10	1.20	0.00	18.30
S50Z18	SE-00351	S	4	1,076.40	0.00	68.40	4.79	0.00	73.19
S50Z18	SH-00352	S	5	1,078.20	0.00	85.50	5.99	0.00	91.49
S50Z18	BU-00353	B	1	1,082.50	0.00	17.10	1.20	0.00	18.30
S50Z18	BU-00354	B	1	1,082.50	0.00	17.10	1.20	0.00	18.30
S50Z18	BU-00355	B	3	1,082.50	0.00	51.30	3.59	0.00	54.89
S50Z18	BU-00356	B	10	1,083.20	0.00	171.00	11.97	0.00	182.97
S50Z18	BU-00357	B	1	1,083.20	0.00	17.10	1.20	0.00	18.30
S50Z18	BU-00358	B	9	1,083.20	0.00	153.90	10.77	0.00	164.67
S50Z18	SH-00359	S	20	1,083.20	0.00	342.00	23.94	0.00	365.94
S50Z18	SH-00360	S	3	1,083.10	0.00	51.30	3.59	0.00	54.89
S50Z18	SH-00361	S	2	1,083.10	0.00	34.20	2.39	0.00	36.59
S50Z18	BH-00362	B	5	1,079.00	0.00	85.50	5.99	0.00	91.49
S50Z18	SH-00363	S	5	1,079.50	0.00	85.50	5.97	0.00	91.47
S50Z18C1100	BH-00364	B	5	19.60	-19,600.00	175.50	12.29	0.00	187.79
S50Z18C1125	BH-00365	B	6	13.50	-16,200.00	210.60	14.74	0.00	225.34
S50Z18C1125	BH-00366	B	3	13.80	-8,280.00	105.30	7.37	0.00	112.67
S50Z18C1125	BH-00367	B	1	13.80	-2,760.00	35.10	2.46	0.00	37.56   30102018
S50Z18	SH-00446	S	3	1,100.00	0.00	51.30	3.59	0.00	54.89
S50Z18C1100	SH-00447	S	5	28.00	28,000.00	175.50	12.29	0.00	187.79  31102018
S50Z18	SH-00570	S	7	1,101.00	0.00	119.70	8.38	0.00	128.08
S50Z18	SH-00571	S	1	1,101.00	0.00	17.10	1.20	0.00	18.30
S50Z18	SH-00572	S	12	1,101.00	0.00	205.20	14.36	0.00	219.56  01112018
S50Z18	BH-00366	B	10	1,113.90	0.00	171.00	11.97	0.00	182.97
S50Z18	BH-00367	B	2	1,113.90	0.00	34.20	2.39	0.00	36.59
S50Z18	BH-00368	B	1	1,113.90	0.00	17.10	1.20	0.00	18.30
S50Z18	BH-00369	B	7	1,113.90	0.00	119.70	8.38	0.00	128.08
S50Z18	BU-00370	B	1	1,113.50	0.00	17.10	1.20	0.00	18.30
S50Z18	BU-00371	B	5	1,113.50	0.00	85.50	5.99	0.00	91.49
S50Z18	BU-00372	B	14	1,113.50	0.00	239.40	16.76	0.00	256.16
S50Z18	BU-00373	B	2	1,113.00	0.00	34.20	2.39	0.00	36.59
S50Z18	BU-00374	B	5	1,113.00	0.00	85.50	5.99	0.00	91.49
S50Z18	BU-00375	B	1	1,113.00	0.00	17.10	1.20	0.00	18.30
S50Z18	SH-00376	S	2	1,113.50	0.00	34.20	2.39	0.00	36.59
S50Z18	SH-00377	S	9	1,113.50	0.00	153.90	10.77	0.00	164.67
S50Z18	SH-00378	S	2	1,113.50	0.00	34.20	2.39	0.00	36.59
S50Z18	SH-00379	S	1	1,113.50	0.00	17.10	1.20	0.00	18.30
S50Z18	SH-00380	S	6	1,113.50	0.00	102.60	7.18	0.00	109.78
S50Z18	SH-00381	S	3	1,110.00	0.00	51.30	3.59	0.00	54.89
S50Z18	SH-00382	S	5	1,110.00	0.00	85.50	5.98	0.00	91.48
S50Z18C1050	SH-00383	S	1	70.10	14,020.00	35.10	2.46	0.00	37.56
S50Z18C1050	SH-00384	S	5	71.00	71,000.00	175.50	12.29	0.00	187.79
S50Z18C1050	SH-00385	S	2	71.50	28,600.00	70.20	4.91	0.00	75.11
S50Z18C1050	SH-00386	S	8	71.50	114,400.00	280.80	19.66	0.00	300.46
S50Z18C1050	SH-00387	S	1	72.00	14,400.00	35.10	2.46	0.00	37.56
S50Z18C1050	SH-00388	S	3	72.00	43,200.00	105.30	7.37	0.00	112.67
S50Z18C1075	SH-00389	S	5	50.20	50,200.00	175.50	12.29	0.00	187.79
S50Z18C1125	BH-00390	B	3	22.00	-13,200.00	105.30	7.37	0.00	112.67
S50Z18C1125	BH-00391	B	2	22.00	-8,800.00	70.20	4.91	0.00	75.11
S50Z18C1125	BH-00392	B	1	21.80	-4,360.00	35.10	2.46	0.00	37.56
S50Z18C1125	BH-00393	B	4	21.80	-17,440.00	140.40	9.83	0.00	150.23
S50Z18C1125	BU-00394	B	1	23.50	-4,700.00	35.10	2.46	0.00	37.56
S50Z18C1125	BU-00395	B	1	23.50	-4,700.00	35.10	2.46	0.00	37.56
S50Z18C1125	BU-00396	B	5	23.50	-23,500.00	175.50	12.29	0.00	187.79
S50Z18C1125	BU-00397	B	1	23.50	-4,700.00	35.10	2.46	0.00	37.56
S50Z18C1125	BU-00398	B	2	23.50	-9,400.00	70.20	4.89	0.00	75.09   02112018
S50Z18	SH-00252	S	1	1,099.60	0.00	17.10	1.20	0.00	18.30
S50Z18	SH-00253	S	8	1,099.60	0.00	136.80	9.58	0.00	146.38
S50Z18	SH-00254	S	3	1,099.60	0.00	51.30	3.59	0.00	54.89
S50Z18	SH-00255	S	3	1,099.60	0.00	51.30	3.59	0.00	54.89
S50Z18	SH-00256	S	1	1,099.60	0.00	17.10	1.20	0.00	18.30
S50Z18	SH-00257	S	2	1,099.60	0.00	34.20	2.39	0.00	36.59
S50Z18	SH-00258	S	1	1,099.60	0.00	17.10	1.20	0.00	18.30
S50Z18	SH-00259	S	1	1,099.60	0.00	17.10	1.20	0.00	18.30
S50Z18	BH-00260	B	3	1,100.80	0.00	51.30	3.59	0.00	54.89
S50Z18	BH-00261	B	1	1,100.80	0.00	17.10	1.20	0.00	18.30
S50Z18	BH-00262	B	1	1,100.80	0.00	17.10	1.20	0.00	18.30
S50Z18	BH-00263	B	2	1,100.80	0.00	34.20	2.39	0.00	36.59
S50Z18	BH-00264	B	1	1,100.80	0.00	17.10	1.20	0.00	18.30
S50Z18	BH-00265	B	3	1,100.80	0.00	51.30	3.59	0.00	54.89
S50Z18	BH-00266	B	2	1,100.80	0.00	34.20	2.39	0.00	36.59
S50Z18	BH-00267	B	1	1,100.80	0.00	17.10	1.20	0.00	18.30
S50Z18	BH-00268	B	3	1,100.80	0.00	51.30	3.59	0.00	54.89
S50Z18	BH-00269	B	1	1,100.80	0.00	17.10	1.20	0.00	18.30
S50Z18	BH-00270	B	1	1,100.80	0.00	17.10	1.20	0.00	18.30
S50Z18	BH-00271	B	1	1,100.80	0.00	17.10	1.20	0.00	18.30
S50Z18	SH-00272	S	20	1,101.50	0.00	342.00	23.94	0.00	365.94
S50Z18	BU-00273	B	3	1,101.40	0.00	51.30	3.59	0.00	54.89
S50Z18	BU-00274	B	1	1,101.40	0.00	17.10	1.20	0.00	18.30
S50Z18	BU-00275	B	16	1,101.40	0.00	273.60	19.13	0.00	292.73  05112018
S50Z18	SH-00410	S	5	1,108.50	0.00	85.50	5.99	0.00	91.49
S50Z18	SH-00411	S	1	1,112.00	0.00	17.10	1.20	0.00	18.30
S50Z18	SH-00412	S	18	1,112.00	0.00	307.80	21.55	0.00	329.35
S50Z18	SH-00413	S	1	1,112.00	0.00	17.10	1.19	0.00	18.29   06112018
S50Z18	BH-02975	B	20	1,107.70	0.00	342.00	23.94	0.00	365.94
S50Z18	BH-02976	B	13	1,107.50	0.00	222.30	15.56	0.00	237.86
S50Z18	SH-02977	S	2	1,111.00	0.00	34.20	2.39	0.00	36.59
S50Z18	SH-02978	S	3	1,112.00	0.00	51.30	3.59	0.00	54.89
S50Z18	SH-02979	S	5	1,112.50	0.00	85.50	5.99	0.00	91.49
S50Z18	SH-02980	S	5	1,114.00	0.00	85.50	5.99	0.00	91.49
S50Z18P1000	BU-02981	B	6	3.00	-3,600.00	210.60	14.74	0.00	225.34
S50Z18P1000	BU-02982	B	4	3.00	-2,400.00	140.40	9.83	0.00	150.23
S50Z18P1000	BU-02983	B	10	2.80	-5,600.00	351.00	24.57	0.00	375.57
S50Z18P1000	BU-02984	B	9	2.60	-4,680.00	315.90	22.11	0.00	338.01  07112018
S50Z18	BH-00376	B	1	1,105.90	0.00	17.10	1.20	0.00	18.30
S50Z18	BH-00377	B	1	1,105.90	0.00	17.10	1.20	0.00	18.30
S50Z18	BH-00378	B	4	1,105.90	0.00	68.40	4.79	0.00	73.19
S50Z18	BH-00379	B	1	1,105.90	0.00	17.10	1.20	0.00	18.30
S50Z18	BH-00380	B	2	1,105.90	0.00	34.20	2.39	0.00	36.59
S50Z18	BH-00381	B	1	1,106.00	0.00	17.10	1.20	0.00	18.30
S50Z18	SH-00382	S	20	1,106.00	0.00	342.00	23.94	0.00	365.94
S50Z18	BH-00383	B	8	1,105.50	0.00	136.80	9.58	0.00	146.38
S50Z18	BH-00384	B	1	1,105.50	0.00	17.10	1.20	0.00	18.30
S50Z18	BH-00385	B	1	1,105.50	0.00	17.10	1.20	0.00	18.30
S50Z18	BH-00386	B	5	1,105.50	0.00	85.50	5.99	0.00	91.49
S50Z18	BH-00387	B	1	1,105.50	0.00	17.10	1.20	0.00	18.30
S50Z18	BH-00388	B	4	1,105.50	0.00	68.40	4.76	0.00	73.16
S50Z18C1100	SH-00389	S	1	25.00	5,000.00	35.10	2.46	0.00	37.56
S50Z18C1100	SH-00390	S	4	25.00	20,000.00	140.40	9.83	0.00	150.23
S50Z18C1100	SH-00391	S	5	25.00	25,000.00	175.50	12.29	0.00	187.79
S50Z18P1075	BH-00392	B	5	15.10	-15,100.00	175.50	12.29	0.00	187.79
S50Z18P1125	BH-00393	B	4	40.00	-32,000.00	140.40	9.83	0.00	150.23
S50Z18P1125	BH-00394	B	1	40.00	-8,000.00	35.10	2.43	0.00	37.53   12112018
S50Z18	SH-00481	S	5	1,094.00	0.00	85.50	5.99	0.00	91.49
S50Z18	SH-00482	S	5	1,096.00	0.00	85.50	5.99	0.00	91.49
S50Z18	BH-00483	B	10	1,094.00	0.00	171.00	11.97	0.00	182.97
S50Z18	SH-00484	S	5	1,097.00	0.00	85.50	5.99	0.00	91.49
S50Z18	BH-00485	B	5	1,094.00	0.00	85.50	5.99	0.00	91.49
S50Z18	SH-00486	S	5	1,096.20	0.00	85.50	5.99	0.00	91.49
S50Z18	BH-00487	B	3	1,095.60	0.00	51.30	3.59	0.00	54.89
S50Z18	BH-00488	B	2	1,095.60	0.00	34.20	2.39	0.00	36.59
S50Z18	SH-00489	S	1	1,100.50	0.00	17.10	1.20	0.00	18.30
S50Z18	SH-00490	S	4	1,100.50	0.00	68.40	4.79	0.00	73.19
S50Z18	SH-00491	S	5	1,105.00	0.00	85.50	5.99	0.00	91.49
S50Z18	BH-00492	B	5	1,097.60	0.00	85.50	5.99	0.00	91.49
S50Z18	BH-00493	B	5	1,097.50	0.00	85.50	5.95	0.00	91.45   13112018
S50Z18	SH-00495	S	5	1,097.50	0.00	85.50	5.99	0.00	91.49   14112018
S50Z18	BH-00558	B	2	1,099.70	0.00	34.20	2.39	0.00	36.59
S50Z18	BH-00559	B	2	1,100.00	0.00	34.20	2.39	0.00	36.59
S50Z18	BH-00560	B	1	1,100.00	0.00	17.10	1.20	0.00	18.30
S50Z18	BH-00561	B	1	1,100.00	0.00	17.10	1.20	0.00	18.30
S50Z18	BH-00562	B	1	1,100.00	0.00	17.10	1.20	0.00	18.30
S50Z18	BH-00563	B	3	1,100.00	0.00	51.30	3.59	0.00	54.89
S50Z18	BU-00564	B	5	1,096.00	0.00	85.50	5.99	0.00	91.49
S50Z18	SE-00565	S	5	1,096.50	0.00	85.50	5.99	0.00	91.49
S50Z18	SH-00566	S	6	1,095.60	0.00	102.60	7.18	0.00	109.78
S50Z18	SH-00567	S	1	1,095.60	0.00	17.10	1.20	0.00	18.30
S50Z18	SH-00568	S	3	1,095.60	0.00	51.30	3.59	0.00	54.89
S50Z18	BH-00569	B	5	1,084.80	0.00	85.50	5.98	0.00	91.48
S50Z18C1100	BH-00570	B	4	21.00	-16,800.00	140.40	9.83	0.00	150.23
S50Z18C1100	BH-00571	B	1	21.00	-4,200.00	35.10	2.46	0.00	37.56   15112018
S50Z18	BH-00483	B	2	1,089.50	0.00	34.20	2.39	0.00	36.59
S50Z18	BH-00484	B	3	1,089.50	0.00	51.30	3.60	0.00	54.90
S50Z18C1050	BH-00485	B	5	47.00	-47,000.00	175.50	12.29	0.00	187.79
S50Z18C1125	SE-00486	S	1	9.70	1,940.00	35.10	2.45	0.00	37.55   16112018
S50Z18	SH-00381	S	4	1,086.60	0.00	68.40	4.79	0.00	73.19
S50Z18	SH-00382	S	8	1,086.60	0.00	136.80	9.58	0.00	146.38
S50Z18	SH-00383	S	5	1,086.60	0.00	85.50	5.99	0.00	91.49
S50Z18	SH-00384	S	3	1,086.60	0.00	51.30	3.59	0.00	54.89
S50Z18	BH-00385	B	20	1,086.80	0.00	342.00	23.94	0.00	365.94
S50Z18	BU-00386	B	5	1,087.00	0.00	85.50	5.98	0.00	91.48
S50Z18C1050	BU-00387	B	10	48.80	-97,600.00	351.00	24.57	0.00	375.57
S50Z18C1125	SE-00388	S	1	9.80	1,960.00	35.10	2.46	0.00	37.56
S50Z18C1125	SE-00389	S	1	10.00	2,000.00	35.10	2.46	0.00	37.56
S50Z18P1000	SE-00390	S	8	2.50	4,000.00	280.80	19.66	0.00	300.46
S50Z18P1000	SE-00391	S	10	2.50	5,000.00	351.00	24.57	0.00	375.57
S50Z18P1025	SH-00392	S	10	4.80	9,600.00	351.00	24.57	0.00	375.57
S50Z18P1050	SH-00393	S	2	9.00	3,600.00	70.20	4.91	0.00	75.11
S50Z18P1050	SH-00394	S	1	9.00	1,800.00	35.10	2.46	0.00	37.56
S50Z18P1050	SH-00395	S	5	9.00	9,000.00	175.50	12.29	0.00	187.79
S50Z18P1050	BU-00396	B	10	8.80	-17,600.00	351.00	24.57	0.00	375.57
S50Z18P1075	BU-00397	B	2	17.00	-6,800.00	70.20	4.91	0.00	75.11
S50Z18P1075	BU-00398	B	1	17.00	-3,400.00	35.10	2.46	0.00	37.56
S50Z18P1075	BU-00399	B	1	17.00	-3,400.00	35.10	2.46	0.00	37.56
S50Z18P1075	BU-00400	B	4	17.00	-13,600.00	140.40	9.83	0.00	150.23
S50Z18P1075	BU-00401	B	10	17.00	-34,000.00	351.00	24.57	0.00	375.57
S50Z18P1075	BU-00402	B	2	17.00	-6,800.00	70.20	4.90	0.00	75.10   19112018
S50Z18	SH-00548	S	14	1,082.20	0.00	239.40	16.76	0.00	256.16
S50Z18	SH-00549	S	1	1,082.20	0.00	17.10	1.20	0.00	18.30
S50Z18	SH-00550	S	5	1,082.20	0.00	85.50	5.99	0.00	91.49
S50Z18	SH-00551	S	1	1,082.40	0.00	17.10	1.20	0.00	18.30
S50Z18	SH-00552	S	2	1,082.40	0.00	34.20	2.39	0.00	36.59
S50Z18	SH-00553	S	2	1,082.40	0.00	34.20	2.39	0.00	36.59
S50Z18	BH-00554	B	1	1,079.70	0.00	17.10	1.20	0.00	18.30
S50Z18	BH-00555	B	1	1,079.70	0.00	17.10	1.20	0.00	18.30
S50Z18	BH-00556	B	3	1,079.70	0.00	51.30	3.59	0.00	54.89
S50Z18	BH-00557	B	5	1,080.30	0.00	85.50	5.99	0.00	91.49
S50Z18	BH-00558	B	1	1,078.90	0.00	17.10	1.20	0.00	18.30
S50Z18	BH-00559	B	4	1,078.90	0.00	68.40	4.79	0.00	73.19
S50Z18	BH-00560	B	5	1,073.50	0.00	85.50	5.97	0.00	91.47   20112018
S50Z18	BU-00770	B	5	1,068.90	0.00	85.50	5.99	0.00	91.49
S50Z18	SE-00771	S	5	1,070.10	0.00	85.50	5.99	0.00	91.49
S50Z18	BU-00772	B	9	1,070.20	0.00	153.90	10.77	0.00	164.67
S50Z18	BU-00773	B	1	1,070.20	0.00	17.10	1.20	0.00	18.30
S50Z18	BU-00774	B	1	1,070.20	0.00	17.10	1.20	0.00	18.30
S50Z18	BU-00775	B	4	1,070.20	0.00	68.40	4.79	0.00	73.19
S50Z18	BU-00776	B	1	1,070.20	0.00	17.10	1.20	0.00	18.30
S50Z18	BU-00777	B	1	1,070.20	0.00	17.10	1.20	0.00	18.30
S50Z18	BU-00778	B	3	1,070.20	0.00	51.30	3.59	0.00	54.89
S50Z18	SE-00779	S	1	1,069.20	0.00	17.10	1.20	0.00	18.30
S50Z18	SE-00780	S	10	1,069.20	0.00	171.00	11.97	0.00	182.97
S50Z18	SE-00781	S	1	1,069.20	0.00	17.10	1.20	0.00	18.30
S50Z18	SE-00782	S	2	1,069.20	0.00	34.20	2.39	0.00	36.59
S50Z18	SE-00783	S	1	1,069.20	0.00	17.10	1.20	0.00	18.30
S50Z18	SE-00784	S	1	1,069.20	0.00	17.10	1.20	0.00	18.30
S50Z18	SE-00785	S	1	1,069.20	0.00	17.10	1.20	0.00	18.30
S50Z18	SE-00786	S	3	1,069.20	0.00	51.30	3.59	0.00	54.89
S50Z18	SH-00787	S	20	1,073.00	0.00	342.00	23.94	0.00	365.94
S50Z18	BH-00788	B	10	1,072.40	0.00	171.00	11.97	0.00	182.97
S50Z18	BH-00789	B	5	1,072.40	0.00	85.50	5.99	0.00	91.49
S50Z18	BH-00790	B	5	1,072.40	0.00	85.50	5.99	0.00	91.49
S50Z18	SH-00791	S	5	1,076.50	0.00	85.50	5.99	0.00	91.49
S50Z18	SH-00792	S	5	1,079.50	0.00	85.50	5.99	0.00	91.49
S50Z18	BH-00793	B	1	1,077.70	0.00	17.10	1.20	0.00	18.30
S50Z18	BH-00794	B	1	1,077.70	0.00	17.10	1.20	0.00	18.30
S50Z18	BH-00795	B	2	1,077.70	0.00	34.20	2.39	0.00	36.59
S50Z18	BH-00796	B	1	1,077.70	0.00	17.10	1.15	0.00	18.25
S50Z18C1050	BH-00797	B	1	34.10	-6,820.00	35.10	2.46	0.00	37.56
S50Z18C1100	BH-00798	B	4	11.50	-9,200.00	140.40	9.83	0.00	150.23
S50Z18C1100	BH-00799	B	6	11.50	-13,800.00	210.60	14.74	0.00	225.34
S50Z18C1150	SH-00800	S	1	4.30	860.00	35.10	2.46	0.00	37.56
S50Z18C1150	SH-00801	S	1	4.30	860.00	35.10	2.46	0.00	37.56
S50Z18C1150	SH-00802	S	3	4.30	2,580.00	105.30	7.36	0.00	112.66  21112018
S50Z18	BH-00499	B	1	1,075.90	0.00	17.10	1.20	0.00	18.30
S50Z18	BH-00500	B	1	1,075.90	0.00	17.10	1.20	0.00	18.30
S50Z18	BH-00501	B	2	1,075.90	0.00	34.20	2.39	0.00	36.59
S50Z18	BH-00502	B	1	1,075.90	0.00	17.10	1.20	0.00	18.30
S50Z18	BU-00503	B	5	1,069.80	0.00	85.50	5.98	0.00	91.48
S50Z18C1050	BH-00504	B	4	37.50	-30,000.00	140.40	9.83	0.00	150.23
S50Z18C1075	BH-00505	B	5	21.20	-21,200.00	175.50	12.29	0.00	187.79
S50Z18C1100	BU-00506	B	2	9.60	-3,840.00	70.20	4.91	0.00	75.11
S50Z18C1100	BU-00507	B	8	9.60	-15,360.00	280.80	19.66	0.00	300.46
S50Z18C1100	BU-00508	B	7	9.50	-13,300.00	245.70	17.20	0.00	262.90
S50Z18C1100	BU-00509	B	1	9.50	-1,900.00	35.10	2.46	0.00	37.56
S50Z18C1100	BU-00510	B	1	9.50	-1,900.00	35.10	2.46	0.00	37.56
S50Z18C1100	BU-00511	B	1	9.50	-1,900.00	35.10	2.46	0.00	37.56
S50Z18C1100	BU-00512	B	4	9.00	-7,200.00	140.40	9.83	0.00	150.23
S50Z18C1100	BU-00513	B	1	9.00	-1,800.00	35.10	2.46	0.00	37.56
S50Z18C1125	SH-00514	S	2	6.70	2,680.00	70.20	4.91	0.00	75.11
S50Z18C1125	SH-00515	S	2	6.70	2,680.00	70.20	4.91	0.00	75.11
S50Z18C1125	SH-00516	S	1	6.70	1,340.00	35.10	2.46	0.00	37.56
S50Z18C1125	SE-00517	S	4	6.90	5,520.00	140.40	9.83	0.00	150.23
S50Z18C1125	SH-00518	S	4	5.60	4,480.00	140.40	9.83	0.00	150.23
S50Z18C1125	SH-00519	S	2	5.60	2,240.00	70.20	4.91	0.00	75.11
S50Z18C1125	SH-00520	S	4	5.60	4,480.00	140.40	9.83	0.00	150.23
S50Z18C1125	SH-00521	S	12	5.30	12,720.00	421.20	29.48	0.00	450.68
S50Z18C1125	SH-00522	S	6	5.30	6,360.00	210.60	14.74	0.00	225.34
S50Z18P1025	BH-00523	B	1	7.00	-1,400.00	35.10	2.46	0.00	37.56
S50Z18P1025	BH-00524	B	4	7.00	-5,600.00	140.40	9.83	0.00	150.23
S50Z18P1050	SE-00525	S	2	10.90	4,360.00	70.20	4.91	0.00	75.11
S50Z18P1075	SE-00526	S	5	19.10	19,100.00	175.50	12.29	0.00	187.79
S50Z18P1075	SE-00527	S	5	20.00	20,000.00	175.50	12.29	0.00	187.79
S50Z18P1075	SE-00528	S	2	26.50	10,600.00	70.20	4.91	0.00	75.11
S50Z18P1075	SE-00529	S	3	26.50	15,900.00	105.30	7.35	0.00	112.65  222112018
S50Z18	SE-00270	S	5	1,083.00	0.00	85.50	5.99	0.00	91.49
S50Z18	BU-00271	B	10	1,083.70	0.00	171.00	11.97	0.00	182.97
S50Z18	SE-00272	S	2	1,084.40	0.00	34.20	2.39	0.00	36.59
S50Z18	SE-00273	S	1	1,084.40	0.00	17.10	1.20	0.00	18.30
S50Z18	SE-00274	S	2	1,084.40	0.00	34.20	2.39	0.00	36.59
S50Z18	SE-00275	S	1	1,086.50	0.00	17.10	1.20	0.00	18.30
S50Z18	SE-00276	S	2	1,086.50	0.00	34.20	2.39	0.00	36.59
S50Z18	SE-00277	S	2	1,086.50	0.00	34.20	2.40	0.00	36.60   27112018
S50Z18C1100	SE-00491	S	3	14.50	8,700.00	105.30	7.37	0.00	112.67  28112018
S50Z18C1100	SE-00384	S	1	16.00	3,200.00	35.10	2.46	0.00	37.56
S50Z18C1100	SE-00385	S	2	16.00	6,400.00	70.20	4.91	0.00	75.11   29112018
S50Z18	BU-00469	B	10	1,088.00	0.00	171.00	11.97	0.00	182.97
S50Z18	SE-00470	S	5	1,093.00	0.00	85.50	5.99	0.00	91.49
S50Z18	SE-00471	S	5	1,096.50	0.00	85.50	5.98	0.00	91.48   30112018
S50Z18C1100	SE-00384	S	15	22.00	3,200.00	35.10	2.46	0.00	37.56
S50Z18C1125	SE-00384	L	13	12.60	3,200.00	35.10	2.46	0.00	37.56
S50Z18P1150	SE-00384	L	7	41.00	3,200.00	35.10	2.46	0.00	37.56
S50Z18	SH-00782	S	3	1,115.10	0.00	51.30	3.59	0.00	54.89
S50Z18	SH-00783	S	2	1,115.10	0.00	34.20	2.39	0.00	36.59
S50Z18	SH-00784	S	2	1,115.10	0.00	34.20	2.39	0.00	36.59
S50Z18	SH-00785	S	4	1,115.10	0.00	68.40	4.79	0.00	73.19
S50Z18	SH-00786	S	2	1,115.10	0.00	34.20	2.39	0.00	36.59
S50Z18	SH-00787	S	1	1,115.10	0.00	17.10	1.20	0.00	18.30
S50Z18	SH-00788	S	1	1,115.10	0.00	17.10	1.20	0.00	18.30
S50Z18	SH-00789	S	1	1,115.10	0.00	17.10	1.20	0.00	18.30
S50Z18	SH-00790	S	4	1,115.10	0.00	68.40	4.79	0.00	73.19
S50Z18	BH-00791	B	12	1,115.70	0.00	205.20	14.36	0.00	219.56
S50Z18	BH-00792	B	8	1,115.70	0.00	136.80	9.58	0.00	146.38
S50Z18	SH-00793	S	2	1,115.20	0.00	34.20	2.39	0.00	36.59
S50Z18	SH-00794	S	5	1,115.20	0.00	85.50	5.99	0.00	91.49
S50Z18	SH-00795	S	3	1,115.20	0.00	51.30	3.59	0.00	54.89
S50Z18	SH-00796	S	1	1,115.20	0.00	17.10	1.20	0.00	18.30
S50Z18	SH-00797	S	1	1,115.20	0.00	17.10	1.20	0.00	18.30
S50Z18	SH-00798	S	2	1,115.20	0.00	34.20	2.39	0.00	36.59
S50Z18	BH-00799	B	1	1,115.50	0.00	17.10	1.20	0.00	18.30
S50Z18	BH-00800	B	1	1,115.50	0.00	17.10	1.20	0.00	18.30
S50Z18	BH-00801	B	1	1,115.50	0.00	17.10	1.20	0.00	18.30
S50Z18	BH-00802	B	2	1,115.50	0.00	34.20	2.39	0.00	36.59
S50Z18	BH-00803	B	5	1,115.50	0.00	85.50	5.99	0.00	91.49
S50Z18	BH-00804	B	1	1,115.50	0.00	17.10	1.20	0.00	18.30
S50Z18	BH-00805	B	3	1,115.50	0.00	51.30	3.59	0.00	54.89
S50Z18	SH-00806	S	5	1,115.50	0.00	85.50	5.99	0.00	91.49
S50Z18	SH-00807	S	15	1,115.50	0.00	256.50	17.96	0.00	274.46
S50Z18	BH-00808	B	8	1,118.00	0.00	136.80	9.58	0.00	146.38
S50Z18	BH-00809	B	7	1,118.00	0.00	119.70	8.38	0.00	128.08
S50Z18	SH-00810	S	10	1,119.50	0.00	171.00	11.97	0.00	182.97
S50Z18	BH-00811	B	7	1,119.80	0.00	119.70	8.38	0.00	128.08
S50Z18	BH-00812	B	2	1,119.80	0.00	34.20	2.39	0.00	36.59
S50Z18	BH-00813	B	1	1,119.80	0.00	17.10	1.20	0.00	18.30
S50Z18	SH-00814	S	2	1,119.90	0.00	34.20	2.39	0.00	36.59
S50Z18	SH-00815	S	3	1,119.90	0.00	51.30	3.56	0.00	54.86
S50Z18C1100	SE-00816	S	5	21.50	21,500.00	175.50	12.29	0.00	187.79
S50Z18C1100	SE-00817	S	5	22.00	22,000.00	175.50	12.29	0.00	187.79
S50Z18C1100	SE-00818	S	5	22.00	22,000.00	175.50	12.29	0.00	187.79
S50Z18C1125	BH-00819	B	2	12.40	-4,960.00	70.20	4.91	0.00	75.11
S50Z18C1125	BH-00820	B	3	12.50	-7,500.00	105.30	7.37	0.00	112.67
S50Z18C1125	BH-00821	B	1	12.50	-2,500.00	35.10	2.46	0.00	37.56
S50Z18C1125	BH-00822	B	1	12.50	-2,500.00	35.10	2.46	0.00	37.56
S50Z18C1125	BH-00823	B	1	12.60	-2,520.00	35.10	2.46	0.00	37.56
S50Z18C1125	BH-00824	B	4	12.60	-10,080.00	140.40	9.83	0.00	150.23
S50Z18C1125	BH-00825	B	1	12.60	-2,520.00	35.10	2.46	0.00	37.56
S50Z18C1125	BH-00826	B	4	15.90	-12,720.00	140.40	9.83	0.00	150.23
S50Z18C1125	BH-00827	B	1	15.90	-3,180.00	35.10	2.46	0.00	37.56
S50Z18P1100	BU-00828	B	2	12.50	-5,000.00	70.20	4.91	0.00	75.11
S50Z18P1100	BU-00829	B	2	12.50	-5,000.00	70.20	4.91	0.00	75.11
S50Z18P1100	BU-00830	B	1	12.50	-2,500.00	35.10	2.46	0.00	37.56
S50Z18P1100	BU-00831	B	5	10.80	-10,800.00	175.50	12.29	0.00	187.79
S50Z18P1100	BU-00832	B	1	10.80	-2,160.00	35.10	2.46	0.00	37.56
S50Z18P1100	BU-00833	B	1	10.80	-2,160.00	35.10	2.46	0.00	37.56
S50Z18P1100	BU-00834	B	3	10.80	-6,480.00	105.30	7.37	0.00	112.67
S50Z18P1100	BU-00835	B	7	10.00	-14,000.00	245.70	17.20	0.00	262.90
S50Z18P1100	BU-00836	B	1	10.00	-2,000.00	35.10	2.46	0.00	37.56
S50Z18P1100	BU-00837	B	1	10.00	-2,000.00	35.10	2.46	0.00	37.56
S50Z18P1100	BU-00838	B	1	10.00	-2,000.00	35.10	2.46	0.00	37.56
S50Z18P1150	BU-00839	B	7	41.00	-57,400.00	245.70	17.16	0.00	262.86  03122018
S50Z18	BH-00339	B	2	1,118.50	0.00	34.20	2.39	0.00	36.59
S50Z18	BH-00340	B	2	1,118.50	0.00	34.20	2.39	0.00	36.59
S50Z18	BH-00341	B	1	1,118.50	0.00	17.10	1.20	0.00	18.30
S50Z18	SH-00342	S	5	1,120.10	0.00	85.50	5.99	0.00	91.49
S50Z18	BH-00343	B	4	1,120.10	0.00	68.40	4.79	0.00	73.19
S50Z18	BH-00344	B	1	1,120.10	0.00	17.10	1.20	0.00	18.30
S50Z18	SH-00345	S	5	1,120.60	0.00	85.50	5.99	0.00	91.49
S50Z18	BH-00346	B	2	1,119.20	0.00	34.20	2.39	0.00	36.59
S50Z18	BH-00347	B	1	1,119.20	0.00	17.10	1.20	0.00	18.30
S50Z18	BH-00348	B	1	1,119.20	0.00	17.10	1.20	0.00	18.30
S50Z18	BH-00349	B	1	1,119.20	0.00	17.10	1.19	0.00	18.29   04122018
S50Z18	BH-00735	B	1	1,101.20	0.00	17.10	1.20	0.00	18.30
S50Z18	BH-00736	B	2	1,101.20	0.00	34.20	2.39	0.00	36.59
S50Z18	BH-00737	B	1	1,101.20	0.00	17.10	1.20	0.00	18.30
S50Z18	BH-00738	B	1	1,101.20	0.00	17.10	1.20	0.00	18.30
S50Z18C1100	SH-00739	S	4	19.00	15,200.00	140.40	9.83	0.00	150.23  06122018
S50Z18P1100	SE-00595	S	1	21.70	4,340.00	35.10	2.46	0.00	37.56
S50Z18P1100	SE-00596	S	11	21.70	47,740.00	386.10	27.02	0.00	413.12  11122018
S50Z18P1075	SE-00301	S	1	6.80	1,360.00	35.10	2.46	0.00	37.56
S50Z18P1075	SE-00302	S	1	6.70	1,340.00	35.10	2.46	0.00	37.56
S50Z18P1075	SE-00303	S	3	6.70	4,020.00	105.30	7.37	0.00	112.67  12122018
S50Z18P1100	SE-00547	S	6	25.00	30,000.00	210.60	14.74	0.00	225.34  13122018
S50Z18P1100	SE-00499	S	2	37.00	14,800.00	70.20	4.91	0.00	75.11
S50Z18P1100	SE-00500	S	1	37.00	7,400.00	35.10	2.46	0.00	37.56
S50Z18P1100	SE-00501	S	1	37.00	7,400.00	35.10	2.46	0.00	37.56
S50Z18P1100	SE-00502	S	2	37.00	14,800.00	70.20	4.91	0.00	75.11
S50Z18P1100	SE-00503	S	1	37.00	7,400.00	35.10	2.45	0.00	37.55   14122018
S50Z18P1000	SE-00576	S	1	1.10	220.00	35.10	2.46	0.00	37.56
S50Z18P1000	SE-00577	S	5	1.10	1,100.00	175.50	12.28	0.00	187.78  18122018























