Series	Contract No.	BuySell	Contract	Price	Premium Amount	Brokerage Fee	VAT	WH	Charge Amount   Date  
S50H19	BU-00536	B	1	1,134.80	0.00	17.10	1.20	0.00	18.30
S50H19	BU-00537	B	1	1,134.00	0.00	17.10	1.20	0.00	18.30
S50H19	BU-00538	B	1	1,134.00	0.00	17.10	1.19	0.00	18.29
S50H19P1100	SH-00539	S	10	25.30	50,600.00	351.00	24.57	0.00	375.57
S50H19	SE-00303	S	3	1,089.50	0.00	51.30	3.59	0.00	54.89
S50H19	SH-00304	S	3	1,090.50	0.00	51.30	3.59	0.00	54.89
S50H19	SH-00305	S	3	1,090.50	0.00	51.30	3.59	0.00	54.89
S50H19	SH-00306	S	2	1,090.50	0.00	34.20	2.39	0.00	36.59
S50H19	SH-00307	S	2	1,090.50	0.00	34.20	2.39	0.00	36.59
S50H19	BH-00308	B	1	1,091.90	0.00	17.10	1.20	0.00	18.30
S50H19	BH-00309	B	4	1,091.90	0.00	68.40	4.79	0.00	73.19
S50H19P1100	BH-00310	B	1	45.00	-9,000.00	35.10	2.46	0.00	37.56   22102018
S50H19C1075	SH-00842	S	10	46.00	92,000.00	351.00	24.57	0.00	375.57  25102018
S50H19	BH-00346	B	1	1,078.40	0.00	17.10	1.20	0.00	18.30
S50H19	BH-00347	B	2	1,078.40	0.00	34.20	2.39	0.00	36.59
S50H19	BH-00348	B	2	1,078.40	0.00	34.20	2.39	0.00	36.59   30102018
S50H19P1075	BU-00374	B	1	32.70	-6,540.00	35.10	2.46	0.00	37.56
S50H19P1075	BU-00375	B	1	32.70	-6,540.00	35.10	2.46	0.00	37.56   12112018
S50H19P1075	SH-00495	S	1	44.00	8,800.00	35.10	2.46	0.00	37.56
S50H19P1075	SH-00496	S	1	44.00	8,800.00	35.10	2.46	0.00	37.56
S50H19P1075	SH-00497	S	1	44.00	8,800.00	35.10	2.46	0.00	37.56
S50H19P1075	SH-00498	S	2	44.00	17,600.00	70.20	4.91	0.00	75.11   22112018
S50H19	SH-00779	S	1	1,105.00	0.00	17.10	1.20	0.00	18.30
S50H19	SH-00780	S	4	1,105.00	0.00	68.40	4.79	0.00	73.19
S50H19	BH-00781	B	5	1,108.50	0.00	85.50	5.99	0.00	91.49   03122018
S50H19P1075	SH-00495	S	2	40.00	16,000.00	70.20	4.91	0.00	75.11
S50H19P1075	SH-00496	S	1	40.00	8,000.00	35.10	2.46	0.00	37.56
S50H19P1075	SH-00497	S	1	40.00	8,000.00	35.10	2.46	0.00	37.56
S50H19P1075	SH-00498	S	1	40.00	8,000.00	35.10	2.46	0.00	37.56   14122018
S50H19	BU-00554	B	5	1,060.00	0.00	85.50	5.99	0.00	91.49   21122018
S50H19	SE-00539	S	1	1,060.50	0.00	17.10	1.20	0.00	18.30
S50H19	SE-00540	S	3	1,060.50	0.00	51.30	3.59	0.00	54.89
S50H19	SE-00541	S	1	1,060.50	0.00	17.10	1.20	0.00	18.30   24122018
S50H19	BU-00988	B	1	1,040.00	0.00	17.10	1.20	0.00	18.30
S50H19	BU-00989	B	4	1,040.00	0.00	68.40	4.79	0.00	73.19
S50H19	BU-00990	B	3	1,030.00	0.00	51.30	3.59	0.00	54.89
S50H19	BU-00991	B	2	1,030.00	0.00	34.20	2.39	0.00	36.59
S50H19	BU-00992	B	4	1,023.80	0.00	68.40	4.79	0.00	73.19
S50H19	BU-00993	B	1	1,023.80	0.00	17.10	1.20	0.00	18.30   27122018
S50H19	SE-00520	S	3	1,043.00	0.00	51.30	3.59	0.00	54.89
S50H19	SE-00521	S	2	1,043.00	0.00	34.20	2.40	0.00	36.60
S50H19P1000	SH-00522	S	3	17.20	10,320.00	105.30	7.37	0.00	112.67
S50H19P1000	SH-00523	S	2	17.20	6,880.00	70.20	4.92	0.00	75.12   02012019
S50H19	SE-00770	S	5	1,040.00	0.00	85.50	5.99	0.00	91.49
S50H19	SH-00771	S	2	1,039.80	0.00	34.20	2.39	0.00	36.59
S50H19	SH-00772	S	9	1,039.80	0.00	153.90	10.77	0.00	164.67
S50H19	SH-00773	S	2	1,039.80	0.00	34.20	2.39	0.00	36.59
S50H19	SH-00774	S	1	1,039.80	0.00	17.10	1.20	0.00	18.30
S50H19	SH-00775	S	1	1,039.80	0.00	17.10	1.20	0.00	18.30
S50H19	BH-00776	B	2	1,031.50	0.00	34.20	2.39	0.00	36.59
S50H19	BH-00777	B	1	1,031.50	0.00	17.10	1.20	0.00	18.30
S50H19	BH-00778	B	1	1,037.30	0.00	17.10	1.20	0.00	18.30
S50H19	BH-00779	B	1	1,037.30	0.00	17.10	1.20	0.00	18.30   03012019
S50H19	SH-00907	S	3	1,033.70	0.00	51.30	3.59	0.00	54.89
S50H19	SH-00908	S	17	1,033.70	0.00	290.70	20.35	0.00	311.05
S50H19	BH-00909	B	5	1,031.50	0.00	85.50	5.99	0.00	91.49
S50H19	BH-00910	B	5	1,034.90	0.00	85.50	5.99	0.00	91.49
S50H19	BH-00911	B	2	1,034.90	0.00	34.20	2.39	0.00	36.59
S50H19	BH-00912	B	2	1,034.90	0.00	34.20	2.39	0.00	36.59
S50H19	BH-00913	B	1	1,034.90	0.00	17.10	1.20	0.00	18.30
S50H19	BH-00914	B	1	1,034.90	0.00	17.10	1.20	0.00	18.30
S50H19	BH-00915	B	1	1,034.90	0.00	17.10	1.20	0.00	18.30
S50H19	BH-00916	B	2	1,034.90	0.00	34.20	2.39	0.00	36.59
S50H19	BH-00917	B	1	1,035.00	0.00	17.10	1.20	0.00	18.30
S50H19	BU-00918	B	1	1,044.50	0.00	17.10	1.20	0.00	18.30
S50H19	BU-00919	B	1	1,044.50	0.00	17.10	1.20	0.00	18.30
S50H19	BU-00920	B	2	1,044.50	0.00	34.20	2.39	0.00	36.59
S50H19	BU-00921	B	1	1,044.50	0.00	17.10	1.20	0.00	18.30
S50H19	BU-00922	B	10	1,043.00	0.00	171.00	11.97	0.00	182.97
S50H19	SE-00923	S	2	1,045.50	0.00	34.20	2.39	0.00	36.59
S50H19	SE-00924	S	2	1,045.50	0.00	34.20	2.39	0.00	36.59
S50H19	SE-00925	S	5	1,045.50	0.00	85.50	5.99	0.00	91.49
S50H19	SE-00926	S	1	1,045.50	0.00	17.10	1.20	0.00	18.30
S50H19	SH-00927	S	5	1,048.00	0.00	85.50	5.99	0.00	91.49
S50H19	BU-00928	B	4	1,048.70	0.00	68.40	4.79	0.00	73.19
S50H19	BU-00929	B	1	1,048.70	0.00	17.10	1.18	0.00	18.28
S50H19P1050	BU-00930	B	10	40.00	-80,000.00	351.00	24.57	0.00	375.57  04012019
S50H19	SH-00533	S	3	1,061.50	0.00	51.30	3.59	0.00	54.89
S50H19	SH-00534	S	1	1,061.50	0.00	17.10	1.20	0.00	18.30
S50H19	SH-00535	S	1	1,061.50	0.00	17.10	1.20	0.00	18.30   07012019
S50H19C1075	BH-00681	B	1	23.00	-4,600.00	35.10	2.46	0.00	37.56
S50H19C1075	BH-00682	B	1	23.00	-4,600.00	35.10	2.46	0.00	37.56
S50H19P1050	BU-00683	B	1	24.20	-4,840.00	35.10	2.46	0.00	37.56
S50H19P1050	BU-00684	B	9	24.40	-43,920.00	315.90	22.11	0.00	338.01
S50H19P1075	BH-00685	B	4	38.50	-30,800.00	140.40	9.83	0.00	150.23
S50H19P1075	BH-00686	B	4	38.50	-30,800.00	140.40	9.83	0.00	150.23
S50H19P1100	BH-00687	B	2	56.00	-22,400.00	70.20	4.91	0.00	75.11
S50H19P1100	BH-00688	B	1	56.00	-11,200.00	35.10	2.46	0.00	37.56
S50H19P1100	BH-00689	B	1	56.00	-11,200.00	35.10	2.46	0.00	37.56
S50H19P1100	BH-00690	B	1	56.00	-11,200.00	35.10	2.45	0.00	37.55   09012019
S50H19P1025	SH-00897	S	2	15.00	6,000.00	70.20	4.91	0.00	75.11
S50H19P1025	SH-00898	S	1	15.00	3,000.00	35.10	2.46	0.00	37.56
S50H19P1025	SH-00899	S	2	15.00	6,000.00	70.20	4.91	0.00	75.11
S50H19P1025	SH-00900	S	2	15.00	6,000.00	70.20	4.91	0.00	75.11
S50H19P1025	SH-00901	S	3	15.00	9,000.00	105.30	7.37	0.00	112.67
S50H19P1050	SE-00902	S	1	24.30	4,860.00	35.10	2.46	0.00	37.56
S50H19P1050	SE-00903	S	5	24.20	24,200.00	175.50	12.29	0.00	187.79
S50H19P1050	SE-00904	S	4	24.20	19,360.00	140.40	9.83	0.00	150.23  11012019
S50H19	SH-00573	S	2	1,061.00	0.00	34.20	2.39	0.00	36.59
S50H19	SH-00574	S	3	1,061.00	0.00	51.30	3.59	0.00	54.89
S50H19	SH-00575	S	1	1,058.70	0.00	17.10	1.20	0.00	18.30
S50H19	SH-00576	S	5	1,058.70	0.00	85.50	5.99	0.00	91.49
S50H19	SH-00577	S	1	1,058.70	0.00	17.10	1.20	0.00	18.30
S50H19	SH-00578	S	1	1,058.70	0.00	17.10	1.20	0.00	18.30
S50H19	SH-00579	S	2	1,058.70	0.00	34.20	2.39	0.00	36.59
S50H19	SH-00580	S	2	1,058.70	0.00	34.20	2.39	0.00	36.59
S50H19	SH-00581	S	8	1,058.70	0.00	136.80	9.58	0.00	146.38
S50H19	BH-00582	B	15	1,052.00	0.00	256.50	17.95	0.00	274.45  14012019
S50H19	BH-00540	B	10	1,055.40	0.00	171.00	11.97	0.00	182.97
S50H19P1025	SH-00541	S	10	17.00	34,000.00	351.00	24.57	0.00	375.57  15012019
S50H19	BH-00399	B	5	1,058.70	0.00	85.50	5.99	0.00	91.49
S50H19C1075	BH-00400	B	4	21.20	-16,960.00	140.40	9.83	0.00	150.23
S50H19C1075	BU-00401	B	4	20.50	-16,400.00	140.40	9.83	0.00	150.23  18012019
S50H19	SH-00526	S	5	1,061.10	0.00	85.50	5.99	0.00	91.49
S50H19	BH-00527	B	4	1,062.90	0.00	68.40	4.79	0.00	73.19
S50H19	BH-00528	B	1	1,062.90	0.00	17.10	1.20	0.00	18.30
S50H19	SH-00529	S	5	1,061.60	0.00	85.50	5.99	0.00	91.49
S50H19	SH-00530	S	2	1,065.00	0.00	34.20	2.39	0.00	36.59
S50H19	SH-00531	S	3	1,065.00	0.00	51.30	3.59	0.00	54.89
S50H19	BH-00532	B	2	1,070.10	0.00	34.20	2.39	0.00	36.59
S50H19	BH-00533	B	1	1,070.10	0.00	17.10	1.20	0.00	18.30
S50H19	BH-00534	B	2	1,070.10	0.00	34.20	2.39	0.00	36.59
S50H19C1075	SH-00535	S	10	20.50	41,000.00	351.00	24.57	0.00	375.57  22012019
S50H19	SH-00541	S	3	1,076.00	0.00	51.30	3.59	0.00	54.89
S50H19	SH-00542	S	2	1,076.00	0.00	34.20	2.40	0.00	36.60
S50H19C1075	SH-00543	S	3	27.00	16,200.00	105.30	7.37	0.00	112.67
S50H19C1075	SH-00544	S	2	27.00	10,800.00	70.20	4.92	0.00	75.12   23012019
S50H19P1100	BH-00339	B	1	35.50	-7,100.00	35.10	2.46	0.00	37.56
S50H19P1100	BH-00340	B	1	35.50	-7,100.00	35.10	2.45	0.00	37.55   25012019
S50H19	SH-00449	S	1	1,084.20	0.00	17.10	1.20	0.00	18.30
S50H19	SH-00450	S	4	1,084.20	0.00	68.40	4.79	0.00	73.19   28012019
S50H19	BH-00386	B	15	1,092.20	0.00	256.50	17.96	0.00	274.46
S50H19	BU-00387	B	14	1,091.50	0.00	239.40	16.76	0.00	256.16
S50H19	BU-00388	B	5	1,091.50	0.00	85.50	5.99	0.00	91.49
S50H19	BU-00389	B	1	1,091.50	0.00	17.10	1.20	0.00	18.30
S50H19	SE-00390	S	3	1,091.60	0.00	51.30	3.59	0.00	54.89
S50H19	SE-00391	S	5	1,091.60	0.00	85.50	5.99	0.00	91.49
S50H19	SE-00392	S	1	1,091.60	0.00	17.10	1.20	0.00	18.30
S50H19	SE-00393	S	1	1,091.60	0.00	17.10	1.20	0.00	18.30
S50H19	SE-00394	S	4	1,091.60	0.00	68.40	4.79	0.00	73.19
S50H19	SE-00395	S	1	1,091.60	0.00	17.10	1.20	0.00	18.30
S50H19	SE-00396	S	5	1,091.70	0.00	85.50	5.99	0.00	91.49
S50H19	SH-00397	S	2	1,089.00	0.00	34.20	2.39	0.00	36.59
S50H19	SH-00398	S	10	1,089.00	0.00	171.00	11.97	0.00	182.97
S50H19	SH-00399	S	2	1,089.00	0.00	34.20	2.39	0.00	36.59
S50H19	SH-00400	S	10	1,089.00	0.00	171.00	11.97	0.00	182.97
S50H19	SH-00401	S	1	1,089.00	0.00	17.10	1.20	0.00	18.30
S50H19	SH-00402	S	1	1,089.00	0.00	17.10	1.20	0.00	18.30
S50H19	SH-00403	S	1	1,089.00	0.00	17.10	1.20	0.00	18.30
S50H19	SH-00404	S	8	1,089.00	0.00	136.80	9.58	0.00	146.38
S50H19	SH-00405	S	2	1,089.00	0.00	34.20	2.39	0.00	36.59
S50H19	SH-00406	S	1	1,089.00	0.00	17.10	1.20	0.00	18.30
S50H19	SH-00407	S	3	1,089.00	0.00	51.30	3.59	0.00	54.89
S50H19	SH-00408	S	5	1,089.00	0.00	85.50	5.99	0.00	91.49
S50H19	SH-00409	S	1	1,089.00	0.00	17.10	1.20	0.00	18.30
S50H19	SH-00410	S	1	1,089.00	0.00	17.10	1.20	0.00	18.30
S50H19	SH-00411	S	2	1,089.00	0.00	34.20	2.35	0.00	36.55   31012019
S50H19	BH-00413	B	1	1,091.30	0.00	17.10	1.20	0.00	18.30
S50H19	SH-00414	S	1	1,091.70	0.00	17.10	1.20	0.00	18.30
S50H19	BH-00415	B	12	1,092.20	0.00	205.20	14.36	0.00	219.56
S50H19	BH-00416	B	1	1,092.20	0.00	17.10	1.20	0.00	18.30
S50H19	BH-00417	B	4	1,092.20	0.00	68.40	4.79	0.00	73.19
S50H19	BH-00418	B	29	1,092.20	0.00	495.90	34.71	0.00	530.61
S50H19	BH-00419	B	2	1,092.20	0.00	34.20	2.39	0.00	36.59
S50H19	BH-00420	B	1	1,092.20	0.00	17.10	1.20	0.00	18.30
S50H19	BH-00421	B	1	1,092.20	0.00	17.10	1.20	0.00	18.30
S50H19	SH-00422	S	1	1,093.20	0.00	17.10	1.20	0.00	18.30
S50H19	SH-00423	S	4	1,093.20	0.00	68.40	4.79	0.00	73.19
S50H19	SH-00424	S	23	1,093.00	0.00	393.30	27.53	0.00	420.83
S50H19	SH-00425	S	1	1,093.00	0.00	17.10	1.20	0.00	18.30
S50H19	SH-00426	S	4	1,093.00	0.00	68.40	4.79	0.00	73.19
S50H19	SH-00427	S	3	1,093.00	0.00	51.30	3.59	0.00	54.89
S50H19	SH-00428	S	3	1,093.00	0.00	51.30	3.59	0.00	54.89
S50H19	SH-00429	S	1	1,093.00	0.00	17.10	1.20	0.00	18.30
S50H19	SH-00430	S	10	1,093.00	0.00	171.00	11.97	0.00	182.97
S50H19	BH-00431	B	5	1,093.80	0.00	85.50	5.99	0.00	91.49
S50H19	BH-00432	B	2	1,093.80	0.00	34.20	2.39	0.00	36.59
S50H19	BH-00433	B	1	1,093.80	0.00	17.10	1.20	0.00	18.30
S50H19	BH-00434	B	1	1,093.80	0.00	17.10	1.20	0.00	18.30
S50H19	BH-00435	B	25	1,093.80	0.00	427.50	29.93	0.00	457.43
S50H19	BH-00436	B	2	1,093.80	0.00	34.20	2.39	0.00	36.59
S50H19	BH-00437	B	9	1,093.80	0.00	153.90	10.77	0.00	164.67
S50H19	SH-00438	S	5	1,093.90	0.00	85.50	5.99	0.00	91.49
S50H19	SH-00439	S	32	1,093.00	0.00	547.20	38.30	0.00	585.50
S50H19	SH-00440	S	8	1,093.00	0.00	136.80	9.55	0.00	146.35  01022019
S50H19	BH-00477	B	6	1,097.10	0.00	102.60	7.18	0.00	109.78
S50H19	BH-00478	B	2	1,097.10	0.00	34.20	2.39	0.00	36.59
S50H19	BH-00479	B	2	1,097.10	0.00	34.20	2.39	0.00	36.59
S50H19	BH-00480	B	10	1,097.10	0.00	171.00	11.97	0.00	182.97
S50H19	BH-00481	B	2	1,097.10	0.00	34.20	2.39	0.00	36.59
S50H19	BH-00482	B	3	1,097.10	0.00	51.30	3.59	0.00	54.89
S50H19	BH-00483	B	3	1,094.90	0.00	51.30	3.59	0.00	54.89
S50H19	BH-00484	B	2	1,094.90	0.00	34.20	2.39	0.00	36.59
S50H19	BH-00485	B	1	1,094.90	0.00	17.10	1.20	0.00	18.30
S50H19	BH-00486	B	19	1,094.90	0.00	324.90	22.76	0.00	347.66
S50H19C1125	SH-00487	S	10	8.90	17,800.00	351.00	24.57	0.00	375.57
S50H19C1125	SH-00488	S	1	8.90	1,780.00	35.10	2.46	0.00	37.56
S50H19C1125	SH-00489	S	3	8.90	5,340.00	105.30	7.37	0.00	112.67
S50H19C1125	SH-00490	S	1	8.90	1,780.00	35.10	2.46	0.00	37.56   05022019
S50H19	BU-00408	B	1	1,098.40	0.00	17.10	1.20	0.00	18.30
S50H19	BU-00409	B	2	1,098.40	0.00	34.20	2.39	0.00	36.59
S50H19	BU-00410	B	1	1,098.40	0.00	17.10	1.20	0.00	18.30
S50H19	BU-00411	B	1	1,098.40	0.00	17.10	1.20	0.00	18.30
S50H19	BU-00412	B	1	1,098.40	0.00	17.10	1.20	0.00	18.30
S50H19	BU-00413	B	1	1,098.40	0.00	17.10	1.20	0.00	18.30
S50H19	BU-00414	B	5	1,098.40	0.00	85.50	5.99	0.00	91.49
S50H19	BU-00415	B	2	1,098.40	0.00	34.20	2.39	0.00	36.59
S50H19	BU-00416	B	36	1,098.40	0.00	615.60	43.09	0.00	658.69
S50H19	SH-00417	S	31	1,099.40	0.00	530.10	37.11	0.00	567.21
S50H19	SH-00418	S	19	1,099.40	0.00	324.90	22.74	0.00	347.64
S50H19	SH-00419	S	10	1,099.50	0.00	171.00	11.97	0.00	182.97
S50H19	SH-00420	S	3	1,098.60	0.00	51.30	3.59	0.00	54.89
S50H19	SH-00421	S	1	1,098.60	0.00	17.10	1.20	0.00	18.30
S50H19	SH-00422	S	1	1,098.60	0.00	17.10	1.20	0.00	18.30
S50H19	SH-00423	S	5	1,098.60	0.00	85.50	5.99	0.00	91.49
S50H19	SH-00424	S	3	1,098.60	0.00	51.30	3.59	0.00	54.89
S50H19	SH-00425	S	27	1,098.60	0.00	461.70	32.32	0.00	494.02
S50H19	BH-00426	B	2	1,100.50	0.00	34.20	2.39	0.00	36.59
S50H19	BH-00427	B	1	1,100.50	0.00	17.10	1.20	0.00	18.30
S50H19	BH-00428	B	1	1,100.50	0.00	17.10	1.20	0.00	18.30
S50H19	BH-00429	B	10	1,100.50	0.00	171.00	11.97	0.00	182.97
S50H19	BH-00430	B	1	1,100.50	0.00	17.10	1.20	0.00	18.30
S50H19	BH-00431	B	1	1,100.50	0.00	17.10	1.20	0.00	18.30
S50H19	BH-00432	B	10	1,100.50	0.00	171.00	11.97	0.00	182.97
S50H19	BH-00433	B	1	1,100.50	0.00	17.10	1.20	0.00	18.30
S50H19	BH-00434	B	4	1,100.50	0.00	68.40	4.79	0.00	73.19
S50H19	BH-00435	B	5	1,100.50	0.00	85.50	5.99	0.00	91.49
S50H19	BH-00436	B	1	1,100.50	0.00	17.10	1.20	0.00	18.30
S50H19	BH-00437	B	5	1,100.50	0.00	85.50	5.99	0.00	91.49
S50H19	BH-00438	B	1	1,100.50	0.00	17.10	1.20	0.00	18.30
S50H19	BH-00439	B	2	1,100.50	0.00	34.20	2.39	0.00	36.59
S50H19	BH-00440	B	1	1,100.50	0.00	17.10	1.20	0.00	18.30
S50H19	BH-00441	B	4	1,100.50	0.00	68.40	4.79	0.00	73.19
S50H19	SH-00442	S	1	1,100.00	0.00	17.10	1.20	0.00	18.30
S50H19	SH-00443	S	9	1,100.00	0.00	153.90	10.77	0.00	164.67
S50H19	SH-00444	S	6	1,100.00	0.00	102.60	7.18	0.00	109.78
S50H19	SH-00445	S	1	1,100.00	0.00	17.10	1.20	0.00	18.30
S50H19	SH-00446	S	4	1,100.00	0.00	68.40	4.79	0.00	73.19
S50H19	SH-00447	S	2	1,100.00	0.00	34.20	2.39	0.00	36.59
S50H19	SH-00448	S	1	1,100.00	0.00	17.10	1.20	0.00	18.30
S50H19	SH-00449	S	5	1,100.00	0.00	85.50	5.99	0.00	91.49
S50H19	SH-00450	S	1	1,100.00	0.00	17.10	1.20	0.00	18.30
S50H19	SH-00451	S	20	1,100.00	0.00	342.00	23.88	0.00	365.88  06022019
S50H19	BH-00590	B	50	1,102.50	0.00	855.00	59.85	0.00	914.85
S50H19	SH-00591	S	17	1,101.60	0.00	290.70	20.35	0.00	311.05
S50H19	SH-00592	S	5	1,101.60	0.00	85.50	5.99	0.00	91.49
S50H19	SH-00593	S	1	1,101.60	0.00	17.10	1.20	0.00	18.30
S50H19	SH-00594	S	1	1,101.60	0.00	17.10	1.20	0.00	18.30
S50H19	SH-00595	S	2	1,101.60	0.00	34.20	2.39	0.00	36.59
S50H19	SH-00596	S	1	1,101.60	0.00	17.10	1.20	0.00	18.30
S50H19	SH-00597	S	2	1,101.60	0.00	34.20	2.39	0.00	36.59
S50H19	SH-00598	S	5	1,101.60	0.00	85.50	5.99	0.00	91.49
S50H19	SH-00599	S	1	1,101.60	0.00	17.10	1.20	0.00	18.30
S50H19	SH-00600	S	5	1,101.60	0.00	85.50	5.99	0.00	91.49
S50H19	SH-00601	S	1	1,101.60	0.00	17.10	1.20	0.00	18.30
S50H19	SH-00602	S	2	1,101.60	0.00	34.20	2.39	0.00	36.59
S50H19	SH-00603	S	3	1,101.60	0.00	51.30	3.59	0.00	54.89
S50H19	SH-00604	S	1	1,101.60	0.00	17.10	1.20	0.00	18.30
S50H19	SH-00605	S	2	1,101.60	0.00	34.20	2.39	0.00	36.59
S50H19	SH-00606	S	1	1,101.60	0.00	17.10	1.20	0.00	18.30
S50H19	BH-00607	B	18	1,102.30	0.00	307.80	21.55	0.00	329.35
S50H19	BH-00608	B	1	1,102.30	0.00	17.10	1.20	0.00	18.30
S50H19	BH-00609	B	1	1,102.30	0.00	17.10	1.20	0.00	18.30
S50H19	BH-00610	B	10	1,102.30	0.00	171.00	11.97	0.00	182.97
S50H19	BH-00611	B	1	1,102.20	0.00	17.10	1.20	0.00	18.30
S50H19	BH-00612	B	2	1,102.20	0.00	34.20	2.39	0.00	36.59
S50H19	BH-00613	B	1	1,102.20	0.00	17.10	1.20	0.00	18.30
S50H19	BH-00614	B	2	1,102.20	0.00	34.20	2.39	0.00	36.59
S50H19	BH-00615	B	1	1,102.20	0.00	17.10	1.20	0.00	18.30
S50H19	BH-00616	B	1	1,102.20	0.00	17.10	1.20	0.00	18.30
S50H19	BH-00617	B	5	1,102.20	0.00	85.50	5.99	0.00	91.49
S50H19	BH-00618	B	3	1,102.20	0.00	51.30	3.59	0.00	54.89
S50H19	BH-00619	B	1	1,102.20	0.00	17.10	1.20	0.00	18.30
S50H19	BH-00620	B	1	1,102.20	0.00	17.10	1.20	0.00	18.30
S50H19	BH-00621	B	1	1,102.20	0.00	17.10	1.20	0.00	18.30
S50H19	BH-00622	B	1	1,102.20	0.00	17.10	1.15	0.00	18.25
S50H19C1075	BU-00623	B	1	38.00	-7,600.00	35.10	2.46	0.00	37.56
S50H19C1075	BU-00624	B	1	38.00	-7,600.00	35.10	2.46	0.00	37.56
S50H19C1075	BU-00625	B	1	38.00	-7,600.00	35.10	2.46	0.00	37.56
S50H19C1075	BU-00626	B	1	38.00	-7,600.00	35.10	2.46	0.00	37.56
S50H19C1075	BU-00627	B	2	38.20	-15,280.00	70.20	4.91	0.00	75.11
S50H19C1075	BU-00628	B	13	38.20	-99,320.00	456.30	31.94	0.00	488.24
S50H19C1075	BU-00629	B	1	38.20	-7,640.00	35.10	2.46	0.00	37.56
S50H19C1100	SH-00630	S	2	21.50	8,600.00	70.20	4.91	0.00	75.11
S50H19C1100	SH-00631	S	1	21.50	4,300.00	35.10	2.46	0.00	37.56
S50H19C1100	SH-00632	S	17	21.50	73,100.00	596.70	41.77	0.00	638.47
S50H19C1125	SH-00633	S	7	10.70	14,980.00	245.70	17.20	0.00	262.90
S50H19C1125	SH-00634	S	9	10.70	19,260.00	315.90	22.11	0.00	338.01
S50H19C1125	SH-00635	S	4	10.70	8,560.00	140.40	9.82	0.00	150.22  07022019
S50H19	BU-00552	B	5	1,090.00	0.00	85.50	5.99	0.00	91.49
S50H19	SE-00553	S	5	1,097.50	0.00	85.50	5.98	0.00	91.48   08022019
S50H19	SH-00631	S	4	1,089.80	0.00	68.40	4.79	0.00	73.19
S50H19	SH-00632	S	1	1,089.80	0.00	17.10	1.20	0.00	18.30
S50H19	SH-00633	S	2	1,089.80	0.00	34.20	2.39	0.00	36.59
S50H19	SH-00634	S	1	1,089.80	0.00	17.10	1.20	0.00	18.30
S50H19	SH-00635	S	2	1,089.80	0.00	34.20	2.39	0.00	36.59
S50H19	BH-00636	B	1	1,086.70	0.00	17.10	1.20	0.00	18.30
S50H19	BH-00637	B	1	1,086.70	0.00	17.10	1.20	0.00	18.30
S50H19	BH-00638	B	3	1,086.70	0.00	51.30	3.59	0.00	54.89
S50H19	BU-00639	B	5	1,086.90	0.00	85.50	5.99	0.00	91.49
S50H19	BH-00640	B	5	1,086.70	0.00	85.50	5.99	0.00	91.49
S50H19	SE-00641	S	5	1,087.30	0.00	85.50	5.99	0.00	91.49
S50H19	BU-00642	B	5	1,083.30	0.00	85.50	5.97	0.00	91.47   11022019
S50H19	SE-00442	S	5	1,086.30	0.00	85.50	5.99	0.00	91.49   1202209
S50H19	BU-00380	B	4	1,091.50	0.00	68.40	4.79	0.00	73.19
S50H19	BU-00381	B	1	1,091.50	0.00	17.10	1.20	0.00	18.30
S50H19	BU-00382	B	1	1,091.50	0.00	17.10	1.20	0.00	18.30
S50H19	BU-00383	B	5	1,091.50	0.00	85.50	5.99	0.00	91.49
S50H19	BU-00384	B	9	1,091.50	0.00	153.90	10.77	0.00	164.67
S50H19	BU-00385	B	23	1,091.00	0.00	393.30	27.53	0.00	420.83
S50H19	BU-00386	B	2	1,091.00	0.00	34.20	2.39	0.00	36.59
S50H19	BU-00387	B	2	1,091.00	0.00	34.20	2.39	0.00	36.59
S50H19	BU-00388	B	1	1,091.00	0.00	17.10	1.20	0.00	18.30
S50H19	BU-00389	B	1	1,091.00	0.00	17.10	1.20	0.00	18.30
S50H19	BU-00390	B	1	1,091.00	0.00	17.10	1.20	0.00	18.30
S50H19	SE-00391	S	1	1,094.70	0.00	17.10	1.20	0.00	18.30
S50H19	SE-00392	S	1	1,094.70	0.00	17.10	1.20	0.00	18.30
S50H19	SE-00393	S	1	1,094.70	0.00	17.10	1.20	0.00	18.30
S50H19	SE-00394	S	10	1,094.70	0.00	171.00	11.97	0.00	182.97
S50H19	SE-00395	S	1	1,094.70	0.00	17.10	1.20	0.00	18.30
S50H19	SE-00396	S	11	1,094.70	0.00	188.10	13.17	0.00	201.27
S50H19	SE-00397	S	5	1,096.00	0.00	85.50	5.99	0.00	91.49
S50H19	SE-00398	S	5	1,096.00	0.00	85.50	5.99	0.00	91.49
S50H19	SH-00399	S	8	1,094.50	0.00	136.80	9.58	0.00	146.38
S50H19	SH-00400	S	1	1,094.50	0.00	17.10	1.20	0.00	18.30
S50H19	SH-00401	S	2	1,094.50	0.00	34.20	2.39	0.00	36.59
S50H19	SH-00402	S	1	1,094.50	0.00	17.10	1.20	0.00	18.30
S50H19	SH-00403	S	5	1,094.50	0.00	85.50	5.99	0.00	91.49
S50H19	SH-00404	S	2	1,094.50	0.00	34.20	2.39	0.00	36.59
S50H19	SH-00405	S	1	1,094.50	0.00	17.10	1.20	0.00	18.30
S50H19	SH-00406	S	5	1,095.10	0.00	85.50	5.99	0.00	91.49
S50H19	SH-00407	S	10	1,095.90	0.00	171.00	11.97	0.00	182.97
S50H19	SH-00408	S	5	1,096.10	0.00	85.50	5.99	0.00	91.49
S50H19	BH-00409	B	20	1,098.00	0.00	342.00	23.89	0.00	365.89  13022019
S50H19	SH-00338	S	3	1,094.50	0.00	51.30	3.59	0.00	54.89
S50H19	SH-00339	S	12	1,094.50	0.00	205.20	14.36	0.00	219.56
S50H19	BU-00340	B	3	1,093.50	0.00	51.30	3.59	0.00	54.89
S50H19	BU-00341	B	2	1,093.50	0.00	34.20	2.39	0.00	36.59
S50H19	BU-00342	B	1	1,093.50	0.00	17.10	1.20	0.00	18.30
S50H19	BU-00343	B	2	1,093.50	0.00	34.20	2.39	0.00	36.59
S50H19	BU-00344	B	1	1,093.50	0.00	17.10	1.20	0.00	18.30
S50H19	BU-00345	B	1	1,093.50	0.00	17.10	1.20	0.00	18.30
S50H19	BU-00346	B	2	1,093.50	0.00	34.20	2.39	0.00	36.59
S50H19	BU-00347	B	2	1,093.50	0.00	34.20	2.39	0.00	36.59
S50H19	BU-00348	B	1	1,093.50	0.00	17.10	1.21	0.00	18.31   14022019
S50H19	SH-00516	S	1	1,083.00	0.00	17.10	1.20	0.00	18.30
S50H19	SH-00517	S	16	1,083.00	0.00	273.60	19.15	0.00	292.75
S50H19	SH-00518	S	2	1,083.00	0.00	34.20	2.39	0.00	36.59
S50H19	SH-00519	S	1	1,083.00	0.00	17.10	1.20	0.00	18.30
S50H19	BH-00520	B	2	1,084.50	0.00	34.20	2.39	0.00	36.59
S50H19	BH-00521	B	15	1,084.50	0.00	256.50	17.96	0.00	274.46
S50H19	BH-00522	B	1	1,084.50	0.00	17.10	1.20	0.00	18.30
S50H19	BH-00523	B	2	1,084.50	0.00	34.20	2.39	0.00	36.59
S50H19	BH-00524	B	5	1,084.50	0.00	85.50	5.99	0.00	91.49   18022019
S50H19	BU-00643	B	1	1,084.80	0.00	17.10	1.20	0.00	18.30
S50H19	BU-00644	B	4	1,084.80	0.00	68.40	4.79	0.00	73.19
S50H19	SE-00645	S	5	1,090.00	0.00	85.50	5.99	0.00	91.49
S50H19	SH-00646	S	1	1,090.30	0.00	17.10	1.20	0.00	18.30
S50H19	SH-00647	S	1	1,090.50	0.00	17.10	1.20	0.00	18.30
S50H19	BU-00648	B	2	1,089.00	0.00	34.20	2.39	0.00	36.59
S50H19	SH-00649	S	2	1,090.00	0.00	34.20	2.39	0.00	36.59
S50H19	BU-00650	B	2	1,087.50	0.00	34.20	2.39	0.00	36.59   20022019
S50H19	SH-00326	S	5	1,090.00	0.00	85.50	5.99	0.00	91.49
S50H19	SH-00327	S	5	1,090.00	0.00	85.50	5.99	0.00	91.49
S50H19	SH-00328	S	10	1,092.20	0.00	171.00	11.96	0.00	182.96  21020219
S50H19	SH-00459	S	2	1,090.70	0.00	34.20	2.39	0.00	36.59
S50H19	SH-00460	S	2	1,090.70	0.00	34.20	2.39	0.00	36.59
S50H19	SH-00461	S	5	1,090.70	0.00	85.50	5.99	0.00	91.49
S50H19	SH-00462	S	21	1,090.70	0.00	359.10	25.14	0.00	384.24
S50H19	BH-00463	B	10	1,098.70	0.00	171.00	11.97	0.00	182.97
S50H19	BH-00464	B	1	1,098.70	0.00	17.10	1.20	0.00	18.30
S50H19	BH-00465	B	5	1,098.70	0.00	85.50	5.99	0.00	91.49
S50H19	BH-00466	B	4	1,098.70	0.00	68.40	4.79	0.00	73.19
S50H19	BH-00467	B	1	1,098.80	0.00	17.10	1.20	0.00	18.30
S50H19	BH-00468	B	1	1,098.80	0.00	17.10	1.20	0.00	18.30
S50H19	BH-00469	B	3	1,098.80	0.00	51.30	3.59	0.00	54.89
S50H19	BH-00470	B	5	1,098.80	0.00	85.50	5.99	0.00	91.49
S50H19	BH-00471	B	3	1,099.00	0.00	51.30	3.59	0.00	54.89
S50H19	BH-00472	B	2	1,099.00	0.00	34.20	2.39	0.00	36.59
S50H19	BH-00473	B	2	1,099.00	0.00	34.20	2.39	0.00	36.59
S50H19	BH-00474	B	1	1,099.00	0.00	17.10	1.20	0.00	18.30
S50H19	BH-00475	B	5	1,099.00	0.00	85.50	5.99	0.00	91.49
S50H19	BH-00476	B	1	1,099.00	0.00	17.10	1.20	0.00	18.30
S50H19	BH-00477	B	1	1,099.00	0.00	17.10	1.20	0.00	18.30
S50H19	BH-00478	B	2	1,099.00	0.00	34.20	2.39	0.00	36.59
S50H19	BH-00479	B	2	1,099.00	0.00	34.20	2.39	0.00	36.59
S50H19	BH-00480	B	1	1,099.00	0.00	17.10	1.18	0.00	18.28
S50H19C1075	SH-00481	S	4	33.00	26,400.00	140.40	9.83	0.00	150.23
S50H19C1075	SH-00482	S	1	33.00	6,600.00	35.10	2.46	0.00	37.56
S50H19C1100	BH-00483	B	1	17.10	-3,420.00	35.10	2.46	0.00	37.56
S50H19C1100	BH-00484	B	3	17.10	-10,260.00	105.30	7.37	0.00	112.67
S50H19C1100	BH-00485	B	10	17.20	-34,400.00	351.00	24.57	0.00	375.57
S50H19C1100	BH-00486	B	6	17.20	-20,640.00	210.60	14.74	0.00	225.34
S50H19C1125	BH-00487	B	2	7.00	-2,800.00	70.20	4.91	0.00	75.11
S50H19C1125	BH-00488	B	15	7.00	-21,000.00	526.50	36.86	0.00	563.36
S50H19C1125	BH-00489	B	2	7.00	-2,800.00	70.20	4.91	0.00	75.11
S50H19C1125	BH-00490	B	1	7.00	-1,400.00	35.10	2.46	0.00	37.56
S50H19P1025	BH-00491	B	5	2.00	-2,000.00	175.50	12.29	0.00	187.79
S50H19P1025	BH-00492	B	10	2.00	-4,000.00	351.00	24.57	0.00	375.57
S50H19P1025	BH-00493	B	5	2.00	-2,000.00	175.50	12.29	0.00	187.79
S50H19P1075	BU-00494	B	3	7.00	-4,200.00	105.30	7.37	0.00	112.67
S50H19P1075	BU-00495	B	7	7.00	-9,800.00	245.70	17.20	0.00	262.90
S50H19P1075	BU-00496	B	1	7.00	-1,400.00	35.10	2.46	0.00	37.56
S50H19P1075	BU-00497	B	1	7.00	-1,400.00	35.10	2.46	0.00	37.56
S50H19P1075	BU-00498	B	5	7.00	-7,000.00	175.50	12.29	0.00	187.79
S50H19P1075	BU-00499	B	3	7.00	-4,200.00	105.30	7.37	0.00	112.67
S50H19P1075	BU-00500	B	10	7.00	-14,000.00	351.00	24.57	0.00	375.57
S50H19P1075	BU-00501	B	4	7.00	-5,600.00	140.40	9.83	0.00	150.23
S50H19P1075	BU-00502	B	2	7.00	-2,800.00	70.20	4.91	0.00	75.11
S50H19P1075	BU-00503	B	4	7.00	-5,600.00	140.40	9.83	0.00	150.23
S50H19P1100	BH-00504	B	2	22.50	-9,000.00	70.20	4.91	0.00	75.11   22022019
S50H19	SH-00350	S	2	1,110.00	0.00	34.20	2.39	0.00	36.59
S50H19	SH-00351	S	3	1,110.00	0.00	51.30	3.59	0.00	54.89
S50H19	SH-00352	S	3	1,110.10	0.00	51.30	3.59	0.00	54.89
S50H19	SH-00353	S	1	1,110.10	0.00	17.10	1.20	0.00	18.30
S50H19	SH-00354	S	1	1,110.10	0.00	17.10	1.20	0.00	18.30
S50H19	SH-00355	S	10	1,110.30	0.00	171.00	11.97	0.00	182.97
S50H19	BH-00356	B	18	1,111.30	0.00	307.80	21.55	0.00	329.35
S50H19	BH-00357	B	2	1,109.50	0.00	34.20	2.39	0.00	36.59
S50H19C1125	BH-00358	B	8	9.30	-14,880.00	280.80	19.66	0.00	300.46
S50H19C1125	BH-00359	B	5	9.30	-9,300.00	175.50	12.29	0.00	187.79
S50H19C1125	BH-00360	B	2	9.30	-3,720.00	70.20	4.91	0.00	75.11
S50H19P1000	BH-00361	B	5	0.80	-800.00	175.50	12.29	0.00	187.79
S50H19P1050	SE-00362	S	10	2.00	4,000.00	351.00	24.57	0.00	375.57
S50H19P1075	SE-00363	S	1	4.50	900.00	35.10	2.46	0.00	37.56
S50H19P1075	SE-00364	S	10	4.50	9,000.00	351.00	24.57	0.00	375.57
S50H19P1075	SE-00365	S	1	4.50	900.00	35.10	2.46	0.00	37.56
S50H19P1075	SE-00366	S	15	4.50	13,500.00	526.50	36.86	0.00	563.36
S50H19P1075	SE-00367	S	13	4.50	11,700.00	456.30	31.94	0.00	488.24  25022019
S50H19	SH-00482	S	1	1,105.00	0.00	17.10	1.20	0.00	18.30
S50H19	SH-00483	S	1	1,105.00	0.00	17.10	1.20	0.00	18.30
S50H19	SH-00484	S	1	1,105.00	0.00	17.10	1.20	0.00	18.30
S50H19	SH-00485	S	1	1,105.00	0.00	17.10	1.20	0.00	18.30
S50H19	SH-00486	S	1	1,105.00	0.00	17.10	1.20	0.00	18.30
S50H19	SH-00487	S	1	1,105.00	0.00	17.10	1.20	0.00	18.30
S50H19	SH-00488	S	3	1,105.00	0.00	51.30	3.59	0.00	54.89
S50H19	SH-00489	S	4	1,105.00	0.00	68.40	4.79	0.00	73.19
S50H19	SH-00490	S	1	1,105.00	0.00	17.10	1.20	0.00	18.30
S50H19	SH-00491	S	1	1,105.00	0.00	17.10	1.20	0.00	18.30
S50H19	SH-00492	S	2	1,105.00	0.00	34.20	2.39	0.00	36.59
S50H19	SH-00493	S	2	1,105.00	0.00	34.20	2.39	0.00	36.59
S50H19	SH-00494	S	1	1,105.00	0.00	17.10	1.20	0.00	18.30
S50H19	SH-00495	S	7	1,106.00	0.00	119.70	8.38	0.00	128.08
S50H19	SH-00496	S	3	1,106.00	0.00	51.30	3.59	0.00	54.89
S50H19	SH-00497	S	10	1,106.00	0.00	171.00	11.97	0.00	182.97
S50H19	BH-00498	B	1	1,105.10	0.00	17.10	1.20	0.00	18.30
S50H19	BH-00499	B	5	1,105.10	0.00	85.50	5.99	0.00	91.49
S50H19	BH-00500	B	10	1,105.10	0.00	171.00	11.97	0.00	182.97
S50H19	BH-00501	B	10	1,105.10	0.00	171.00	11.97	0.00	182.97
S50H19	BH-00502	B	1	1,105.10	0.00	17.10	1.20	0.00	18.30
S50H19	BH-00503	B	5	1,105.10	0.00	85.50	5.99	0.00	91.49
S50H19	BH-00504	B	1	1,105.10	0.00	17.10	1.20	0.00	18.30
S50H19	BH-00505	B	2	1,105.10	0.00	34.20	2.39	0.00	36.59
S50H19	BH-00506	B	5	1,105.20	0.00	85.50	5.95	0.00	91.45   26022019
S50H19	SH-00467	S	5	1,104.50	0.00	85.50	5.99	0.00	91.49
S50H19	SH-00468	S	15	1,103.50	0.00	256.50	17.96	0.00	274.46
S50H19	BH-00469	B	9	1,103.30	0.00	153.90	10.77	0.00	164.67
S50H19	BH-00470	B	5	1,103.30	0.00	85.50	5.99	0.00	91.49
S50H19	BH-00471	B	1	1,103.30	0.00	17.10	1.19	0.00	18.29   27022019
S50H19	SH-00560	S	1	1,105.00	0.00	17.10	1.20	0.00	18.30
S50H19	SH-00561	S	1	1,105.00	0.00	17.10	1.20	0.00	18.30
S50H19	SH-00562	S	13	1,105.00	0.00	222.30	15.56	0.00	237.86
S50H19	BH-00563	B	5	1,094.50	0.00	85.50	5.99	0.00	91.49
S50H19	BH-00564	B	5	1,094.30	0.00	85.50	5.98	0.00	91.48   28022019
S50H19	BU-00647	B	10	1,095.60	0.00	171.00	11.97	0.00	182.97
S50H19	BU-00648	B	5	1,094.90	0.00	85.50	5.99	0.00	91.49
S50H19	BU-00649	B	15	1,095.00	0.00	256.50	17.96	0.00	274.46
S50H19	BU-00650	B	3	1,092.90	0.00	51.30	3.59	0.00	54.89
S50H19	BU-00651	B	3	1,092.90	0.00	51.30	3.59	0.00	54.89
S50H19	BU-00652	B	1	1,092.90	0.00	17.10	1.20	0.00	18.30
S50H19	BU-00653	B	1	1,092.90	0.00	17.10	1.20	0.00	18.30
S50H19	BU-00654	B	1	1,092.90	0.00	17.10	1.20	0.00	18.30
S50H19	BU-00655	B	1	1,092.90	0.00	17.10	1.20	0.00	18.30
S50H19	SE-00656	S	5	1,088.60	0.00	85.50	5.99	0.00	91.49
S50H19	SE-00657	S	1	1,088.60	0.00	17.10	1.20	0.00	18.30
S50H19	SE-00658	S	24	1,088.60	0.00	410.40	28.70	0.00	439.10  01032019
S50H19	BU-00579	B	9	1,085.90	0.00	153.90	10.77	0.00	164.67
S50H19	BU-00580	B	1	1,085.90	0.00	17.10	1.20	0.00	18.30
S50H19	BU-00581	B	10	1,085.50	0.00	171.00	11.97	0.00	182.97
S50H19	SE-00582	S	13	1,086.60	0.00	222.30	15.56	0.00	237.86
S50H19	SE-00583	S	1	1,086.60	0.00	17.10	1.20	0.00	18.30
S50H19	SE-00584	S	1	1,086.60	0.00	17.10	1.20	0.00	18.30
S50H19	BU-00585	B	5	1,083.00	0.00	85.50	5.99	0.00	91.49
S50H19	BU-00586	B	10	1,083.00	0.00	171.00	11.96	0.00	182.96  04032019
S50H19P1075	SH-00610	S	4	10.80	8,640.00	140.40	9.83	0.00	150.23
S50H19P1075	SH-00611	S	1	10.80	2,160.00	35.10	2.46	0.00	37.56   05032019
S50H19	SE-00689	S	1	1,083.30	0.00	17.10	1.20	0.00	18.30
S50H19	SE-00690	S	1	1,083.30	0.00	17.10	1.20	0.00	18.30
S50H19	SE-00691	S	2	1,083.30	0.00	34.20	2.39	0.00	36.59
S50H19	SE-00692	S	1	1,083.30	0.00	17.10	1.20	0.00	18.30
S50H19	SE-00693	S	1	1,083.30	0.00	17.10	1.20	0.00	18.30
S50H19	SE-00694	S	4	1,083.30	0.00	68.40	4.78	0.00	73.18   07032019
S50H19	SH-00518	S	14	1,080.00	0.00	239.40	16.76	0.00	256.16
S50H19	SH-00519	S	1	1,080.00	0.00	17.10	1.20	0.00	18.30
S50H19	SH-00520	S	15	1,080.00	0.00	256.50	17.96	0.00	274.46
S50H19	SH-00521	S	20	1,081.00	0.00	342.00	23.94	0.00	365.94
S50H19	BH-00522	B	1	1,078.50	0.00	17.10	1.20	0.00	18.30
S50H19	BH-00523	B	1	1,078.50	0.00	17.10	1.20	0.00	18.30
S50H19	BH-00524	B	2	1,078.50	0.00	34.20	2.39	0.00	36.59
S50H19	BH-00525	B	10	1,078.50	0.00	171.00	11.97	0.00	182.97
S50H19	BH-00526	B	1	1,078.50	0.00	17.10	1.20	0.00	18.30
S50H19	BH-00527	B	5	1,078.50	0.00	85.50	5.99	0.00	91.49
S50H19	BH-00528	B	4	1,079.30	0.00	68.40	4.79	0.00	73.19
S50H19	BH-00529	B	11	1,079.30	0.00	188.10	13.15	0.00	201.25
S50H19C1075	SH-00530	S	1	16.50	3,300.00	35.10	2.46	0.00	37.56
S50H19C1075	SH-00531	S	1	16.50	3,300.00	35.10	2.46	0.00	37.56
S50H19C1075	SH-00532	S	1	16.50	3,300.00	35.10	2.46	0.00	37.56
S50H19P1075	BH-00533	B	5	9.00	-9,000.00	175.50	12.29	0.00	187.79  08032019
S50H19	BH-00741	B	3	1,078.90	0.00	51.30	3.59	0.00	54.89
S50H19	BH-00742	B	2	1,078.90	0.00	34.20	2.39	0.00	36.59
S50H19	SH-00743	S	5	1,084.50	0.00	85.50	5.99	0.00	91.49
S50H19	BU-00744	B	10	1,074.00	0.00	171.00	11.97	0.00	182.97
S50H19P1075	SH-00745	S	2	12.50	5,000.00	70.20	4.91	0.00	75.11
S50H19P1075	SH-00746	S	3	12.50	7,500.00	105.30	7.38	0.00	112.68  11032019
S50H19	SH-00635	S	4	1,079.30	0.00	68.40	4.79	0.00	73.19
S50H19	SH-00636	S	1	1,079.30	0.00	17.10	1.20	0.00	18.30   12032019
S50H19	SH-00503	S	5	1,075.00	0.00	85.50	5.99	0.00	91.49
S50H19	SH-00504	S	1	1,078.00	0.00	17.10	1.20	0.00	18.30
S50H19	SH-00505	S	1	1,078.00	0.00	17.10	1.20	0.00	18.30
S50H19	SH-00506	S	2	1,078.00	0.00	34.20	2.39	0.00	36.59
S50H19	SH-00507	S	1	1,078.00	0.00	17.10	1.20	0.00	18.30
S50H19	SH-00508	S	1	1,086.00	0.00	17.10	1.20	0.00	18.30
S50H19	SH-00509	S	4	1,086.00	0.00	68.40	4.79	0.00	73.19
S50H19	SH-00510	S	2	1,086.00	0.00	34.20	2.39	0.00	36.59
S50H19	SH-00511	S	13	1,086.00	0.00	222.30	15.56	0.00	237.86
S50H19	SH-00512	S	4	1,086.00	0.00	68.40	4.79	0.00	73.19
S50H19	SH-00513	S	16	1,086.00	0.00	273.60	19.14	0.00	292.74
S50H19C1075	SH-00514	S	1	16.00	3,200.00	35.10	2.46	0.00	37.56
S50H19C1075	SH-00515	S	4	16.00	12,800.00	140.40	9.83	0.00	150.23  13032019
S50H19	BH-00383	B	24	1,089.20	0.00	410.40	28.73	0.00	439.13
S50H19	BH-00384	B	1	1,089.20	0.00	17.10	1.20	0.00	18.30 14032019 
S50H19	BH-00439	B	9	1,084.80	0.00	153.90	10.77	0.00	164.67
S50H19	BH-00440	B	16	1,084.80	0.00	273.60	19.15	0.00	292.75  15032019
S50H19	BU-00515	B	6	1,080.00	0.00	102.60	7.18	0.00	109.78
S50H19	BU-00516	B	1	1,080.00	0.00	17.10	1.20	0.00	18.30
S50H19	BU-00517	B	13	1,080.00	0.00	222.30	15.56	0.00	237.86
S50H19	BU-00518	B	7	1,076.90	0.00	119.70	8.38	0.00	128.08
S50H19	BU-00519	B	13	1,076.90	0.00	222.30	15.56	0.00	237.86
S50H19	SE-00520	S	17	1,071.90	0.00	290.70	20.35	0.00	311.05
S50H19	SE-00521	S	18	1,071.80	0.00	307.80	21.55	0.00	329.35
S50H19	SE-00522	S	5	1,072.50	0.00	85.50	5.99	0.00	91.49
S50H19	BU-00523	B	5	1,071.40	0.00	85.50	5.99	0.00	91.49
S50H19	SE-00524	S	5	1,072.70	0.00	85.50	5.99	0.00	91.49
S50H19	SH-00525	S	2	1,072.90	0.00	34.20	2.39	0.00	36.59
S50H19	SH-00526	S	3	1,072.90	0.00	51.30	3.59	0.00	54.89
S50H19	SH-00527	S	2	1,072.90	0.00	34.20	2.39	0.00	36.59
S50H19	SH-00528	S	3	1,072.90	0.00	51.30	3.59	0.00	54.89
S50H19	SH-00529	S	5	1,073.10	0.00	85.50	5.99	0.00	91.49
S50H19	SH-00530	S	5	1,073.10	0.00	85.50	5.99	0.00	91.49
S50H19	SH-00531	S	6	1,076.10	0.00	102.60	7.18	0.00	109.78
S50H19	SH-00532	S	5	1,076.10	0.00	85.50	5.99	0.00	91.49
S50H19	SH-00533	S	19	1,076.10	0.00	324.90	22.74	0.00	347.64
S50H19	BH-00534	B	15	1,074.00	0.00	256.50	17.96	0.00	274.46
S50H19	BH-00535	B	6	1,074.00	0.00	102.60	7.18	0.00	109.78
S50H19	BH-00536	B	25	1,074.00	0.00	427.50	29.93	0.00	457.43
S50H19	BH-00537	B	4	1,074.00	0.00	68.40	4.79	0.00	73.19 18032019
S50H19	BU-00638	B	3	1,073.90	0.00	51.30	3.59	0.00	54.89
S50H19	BU-00639	B	9	1,073.90	0.00	153.90	10.77	0.00	164.67
S50H19	BU-00640	B	2	1,073.90	0.00	34.20	2.39	0.00	36.59
S50H19	BU-00641	B	1	1,073.90	0.00	17.10	1.20	0.00	18.30
S50H19	BU-00642	B	5	1,073.90	0.00	85.50	5.99	0.00	91.49
S50H19	SE-00643	S	4	1,087.00	0.00	68.40	4.79	0.00	73.19
S50H19	SE-00644	S	1	1,087.00	0.00	17.10	1.20	0.00	18.30
S50H19	SE-00645	S	7	1,087.00	0.00	119.70	8.37	0.00	128.07
S50H19P1075	BH-00646	B	1	5.70	-1,140.00	35.10	2.46	0.00	37.56
S50H19P1075	BH-00647	B	1	5.70	-1,140.00	35.10	2.46	0.00	37.56
S50H19P1075	BH-00648	B	3	5.70	-3,420.00	105.30	7.37	0.00	112.67
S50H19P1100	SH-00649	S	5	20.60	20,600.00	175.50	12.29	0.00	187.79  19032019
S50H19	SE-00408	S	8	1,084.50	0.00	136.80	9.58	0.00	146.38
S50H19	SH-00409	S	20	1,084.50	0.00	342.00	23.94	0.00	365.94
S50H19	BH-00410	B	1	1,083.30	0.00	17.10	1.20	0.00	18.30
S50H19	BH-00411	B	5	1,083.30	0.00	85.50	5.99	0.00	91.49
S50H19	BH-00412	B	1	1,083.30	0.00	17.10	1.20	0.00	18.30
S50H19	BH-00413	B	2	1,083.30	0.00	34.20	2.39	0.00	36.59
S50H19	BH-00414	B	1	1,083.30	0.00	17.10	1.19	0.00	18.29 20032019
S50H19	SH-00515	S	1	1,088.10	0.00	17.10	1.20	0.00	18.30
S50H19	SH-00516	S	2	1,088.10	0.00	34.20	2.39	0.00	36.59
S50H19	SH-00517	S	2	1,088.10	0.00	34.20	2.39	0.00	36.59
S50H19	SH-00518	S	5	1,088.10	0.00	85.50	5.99	0.00	91.49
S50H19	BU-00519	B	2	1,089.90	0.00	34.20	2.39	0.00	36.59
S50H19	BU-00520	B	1	1,089.90	0.00	17.10	1.20	0.00	18.30
S50H19	BU-00521	B	3	1,089.90	0.00	51.30	3.59	0.00	54.89
S50H19	BU-00522	B	1	1,089.90	0.00	17.10	1.20	0.00	18.30
S50H19	BU-00523	B	13	1,089.90	0.00	222.30	15.56	0.00	237.86
S50H19	BU-00524	B	17	1,089.00	0.00	290.70	20.35	0.00	311.05
S50H19	BU-00525	B	18	1,089.00	0.00	307.80	21.55	0.00	329.35
S50H19	BU-00526	B	2	1,089.00	0.00	34.20	2.39	0.00	36.59
S50H19	BU-00527	B	2	1,089.00	0.00	34.20	2.39	0.00	36.59
S50H19	BU-00528	B	1	1,089.00	0.00	17.10	1.20	0.00	18.30
S50H19	BU-00529	B	10	1,089.00	0.00	171.00	11.97	0.00	182.97
S50H19	SE-00530	S	2	1,088.70	0.00	34.20	2.39	0.00	36.59
S50H19	SE-00531	S	1	1,088.70	0.00	17.10	1.20	0.00	18.30
S50H19	SE-00532	S	2	1,088.70	0.00	34.20	2.39	0.00	36.59
S50H19	SE-00533	S	2	1,088.70	0.00	34.20	2.39	0.00	36.59
S50H19	SE-00534	S	12	1,088.70	0.00	205.20	14.36	0.00	219.56
S50H19	SE-00535	S	2	1,088.70	0.00	34.20	2.39	0.00	36.59
S50H19	SE-00536	S	1	1,088.70	0.00	17.10	1.20	0.00	18.30
S50H19	SE-00537	S	1	1,088.70	0.00	17.10	1.20	0.00	18.30
S50H19	SE-00538	S	1	1,088.70	0.00	17.10	1.20	0.00	18.30
S50H19	SE-00539	S	1	1,088.70	0.00	17.10	1.20	0.00	18.30
S50H19	SE-00540	S	1	1,088.70	0.00	17.10	1.20	0.00	18.30
S50H19	SE-00541	S	5	1,088.70	0.00	85.50	5.99	0.00	91.49
S50H19	SE-00542	S	1	1,088.70	0.00	17.10	1.20	0.00	18.30
S50H19	SE-00543	S	2	1,088.70	0.00	34.20	2.39	0.00	36.59
S50H19	SE-00544	S	7	1,088.30	0.00	119.70	8.38	0.00	128.08
S50H19	SE-00545	S	3	1,088.30	0.00	51.30	3.59	0.00	54.89
S50H19	SE-00546	S	4	1,088.30	0.00	68.40	4.79	0.00	73.19
S50H19	SE-00547	S	2	1,088.30	0.00	34.20	2.39	0.00	36.59
S50H19	SH-00548	S	1	1,089.00	0.00	17.10	1.20	0.00	18.30
S50H19	SH-00549	S	2	1,089.00	0.00	34.20	2.39	0.00	36.59
S50H19	SH-00550	S	20	1,089.00	0.00	342.00	23.94	0.00	365.94
S50H19	SH-00551	S	1	1,089.00	0.00	17.10	1.20	0.00	18.30
S50H19	SH-00552	S	1	1,089.00	0.00	17.10	1.20	0.00	18.30
S50H19	SH-00553	S	6	1,089.00	0.00	102.60	7.18	0.00	109.78
S50H19	SH-00554	S	1	1,089.00	0.00	17.10	1.20	0.00	18.30
S50H19	SH-00555	S	5	1,089.00	0.00	85.50	5.99	0.00	91.49
S50H19	SH-00556	S	2	1,089.00	0.00	34.20	2.39	0.00	36.59
S50H19	SH-00557	S	3	1,089.00	0.00	51.30	3.59	0.00	54.89
S50H19	SH-00558	S	1	1,089.00	0.00	17.10	1.20	0.00	18.30
S50H19	SH-00559	S	1	1,089.00	0.00	17.10	1.20	0.00	18.30
S50H19	SH-00560	S	1	1,089.00	0.00	17.10	1.20	0.00	18.30
S50H19	SH-00561	S	5	1,089.00	0.00	85.50	5.99	0.00	91.49
S50H19	BH-00562	B	15	1,089.30	0.00	256.50	17.96	0.00	274.46
S50H19	BH-00563	B	5	1,089.30	0.00	85.50	5.99	0.00	91.49
S50H19	BH-00564	B	5	1,089.30	0.00	85.50	5.99	0.00	91.49
S50H19	BH-00565	B	3	1,089.30	0.00	51.30	3.59	0.00	54.89
S50H19	BH-00566	B	1	1,089.30	0.00	17.10	1.20	0.00	18.30
S50H19	BH-00567	B	1	1,089.30	0.00	17.10	1.20	0.00	18.30
S50H19	BH-00568	B	1	1,089.30	0.00	17.10	1.20	0.00	18.30
S50H19	BH-00569	B	1	1,089.30	0.00	17.10	1.20	0.00	18.30
S50H19	BH-00570	B	1	1,089.30	0.00	17.10	1.20	0.00	18.30
S50H19	BH-00571	B	1	1,089.30	0.00	17.10	1.20	0.00	18.30
S50H19	SH-00572	S	1	1,090.00	0.00	17.10	1.20	0.00	18.30
S50H19	SH-00573	S	10	1,090.00	0.00	171.00	11.97	0.00	182.97
S50H19	SH-00574	S	10	1,090.00	0.00	171.00	11.97	0.00	182.97
S50H19	SH-00575	S	1	1,090.00	0.00	17.10	1.20	0.00	18.30
S50H19	SH-00576	S	12	1,090.00	0.00	205.20	14.31	0.00	219.51
S50H19C1100	SH-00577	S	2	6.90	2,760.00	70.20	4.91	0.00	75.11
S50H19C1100	SH-00578	S	1	6.90	1,380.00	35.10	2.46	0.00	37.56
S50H19C1100	SH-00579	S	2	6.90	2,760.00	70.20	4.92	0.00	75.12 21032019
S50H19	BH-00539	B	15	1,091.00	0.00	256.50	17.96	0.00	274.46
S50H19	BH-00540	B	1	1,091.00	0.00	17.10	1.20	0.00	18.30
S50H19	BH-00541	B	1	1,091.00	0.00	17.10	1.20	0.00	18.30
S50H19	BH-00542	B	5	1,091.00	0.00	85.50	5.99	0.00	91.49
S50H19	BH-00543	B	9	1,091.00	0.00	153.90	10.77	0.00	164.67
S50H19	BH-00544	B	5	1,091.00	0.00	85.50	5.99	0.00	91.49
S50H19	BH-00545	B	8	1,091.00	0.00	136.80	9.58	0.00	146.38
S50H19	BH-00546	B	2	1,091.00	0.00	34.20	2.39	0.00	36.59
S50H19	BH-00547	B	4	1,091.00	0.00	68.40	4.79	0.00	73.19
S50H19	SH-00548	S	4	1,097.30	0.00	68.40	4.79	0.00	73.19
S50H19	SH-00549	S	1	1,097.30	0.00	17.10	1.20	0.00	18.30
S50H19	SH-00550	S	5	1,097.30	0.00	85.50	5.99	0.00	91.49
S50H19	SH-00551	S	5	1,097.50	0.00	85.50	5.99	0.00	91.49
S50H19	BH-00552	B	10	1,096.70	0.00	171.00	11.97	0.00	182.97
S50H19	BH-00553	B	5	1,096.30	0.00	85.50	5.99	0.00	91.49
S50H19C1100	SH-00554	S	1	10.00	2,000.00	35.10	2.46	0.00	37.56
S50H19C1100	SH-00555	S	4	10.00	8,000.00	140.40	9.83	0.00	150.23  22032019
S50H19	SH-00693	S	2	1,088.50	0.00	34.20	2.39	0.00	36.59
S50H19	SH-00694	S	1	1,088.50	0.00	17.10	1.20	0.00	18.30
S50H19	SH-00695	S	1	1,088.50	0.00	17.10	1.20	0.00	18.30
S50H19	SH-00696	S	5	1,088.50	0.00	85.50	5.99	0.00	91.49
S50H19	SH-00697	S	2	1,088.50	0.00	34.20	2.39	0.00	36.59
S50H19	SH-00698	S	9	1,088.50	0.00	153.90	10.77	0.00	164.67
S50H19	BH-00699	B	7	1,080.00	0.00	119.70	8.38	0.00	128.08
S50H19	BH-00700	B	3	1,080.00	0.00	51.30	3.59	0.00	54.89 25032019
S50H19	SH-00693	S	2	1,088.50	0.00	34.20	2.39	0.00	36.59
S50H19	SH-00694	S	1	1,088.50	0.00	17.10	1.20	0.00	18.30
S50H19	SH-00695	S	1	1,088.50	0.00	17.10	1.20	0.00	18.30
S50H19	SH-00696	S	5	1,088.50	0.00	85.50	5.99	0.00	91.49
S50H19	SH-00697	S	2	1,088.50	0.00	34.20	2.39	0.00	36.59
S50H19	SH-00698	S	9	1,088.50	0.00	153.90	10.77	0.00	164.67
S50H19	BH-00699	B	7	1,080.00	0.00	119.70	8.38	0.00	128.08
S50H19	BH-00700	B	3	1,080.00	0.00	51.30	3.59	0.00	54.89 26032019
S50H19	SH-00586	S	1	1,087.80	0.00	17.10	1.20	0.00	18.30
S50H19	SH-00587	S	1	1,087.70	0.00	17.10	1.20	0.00	18.30
S50H19	SH-00588	S	3	1,087.70	0.00	51.30	3.59	0.00	54.89
S50H19	SH-00589	S	8	1,087.70	0.00	136.80	9.58	0.00	146.38
S50H19	SH-00590	S	3	1,087.70	0.00	51.30	3.59	0.00	54.89
S50H19	SH-00591	S	2	1,087.70	0.00	34.20	2.39	0.00	36.59
S50H19	SH-00592	S	1	1,087.70	0.00	17.10	1.20	0.00	18.30
S50H19	SH-00593	S	1	1,087.70	0.00	17.10	1.20	0.00	18.30
S50H19	BU-00594	B	7	1,085.70	0.00	119.70	8.38	0.00	128.08
S50H19	BU-00595	B	23	1,085.70	0.00	393.30	27.53	0.00	420.83
S50H19	SH-00596	S	4	1,089.00	0.00	68.40	4.79	0.00	73.19
S50H19	SH-00597	S	1	1,089.00	0.00	17.10	1.20	0.00	18.30
S50H19	SH-00598	S	1	1,089.00	0.00	17.10	1.20	0.00	18.30
S50H19	SH-00599	S	1	1,089.00	0.00	17.10	1.20	0.00	18.30
S50H19	SH-00600	S	1	1,089.00	0.00	17.10	1.20	0.00	18.30
S50H19	SH-00601	S	2	1,089.00	0.00	34.20	2.37	0.00	36.57 27032019
S50H19	BH-00585	B	1	1,084.00	0.00	17.10	1.20	0.00	18.30
S50H19	BH-00586	B	3	1,084.00	0.00	51.30	3.59	0.00	54.89
S50H19	BH-00587	B	5	1,084.00	0.00	85.50	5.99	0.00	91.49
S50H19	BH-00588	B	1	1,084.00	0.00	17.10	1.20	0.00	18.30
S50H19	BH-00589	B	5	1,084.00	0.00	85.50	5.99	0.00	91.49
S50H19	BH-00590	B	5	1,084.00	0.00	85.50	5.99	0.00	91.49 28032019
S50H19C1075	BH-88888	B	8	13.83	22,128.00	0.00	0.00	0.00	0.00
S50H19P1075	SE-00591	S	2	1.50	600.00	70.20	4.91	0.00	75.11
S50H19P1075	SE-00592	S	1	1.50	300.00	35.10	2.46	0.00	37.56
S50H19P1075	SE-00593	S	2	1.50	600.00	70.20	4.91	0.00	75.11
S50H19P1075	SE-00594	S	1	1.80	360.00	35.10	2.46	0.00	37.56
S50H19P1075	SE-00595	S	4	0.40	320.00	140.40	9.83	0.00	150.23  28032019
S50H19C1100	BH-88888	B	10	0.00	0.00	0.00	0.00	0.00	0.00
S50H19P1100	BH-88888	B	5	11.17	11,170.00	0.00	0.00	0.00	0.00 28032019


























